100 50
234730 66122 356889 477682 469652 603390 292230 201321 558360 759289 451590 45762 666471 180561 762335 374046 317583 19494 190485 550898 471678 721856 546554 989497 88737 317131 851967 957549 482570 34908 467944 225059 101025 824828 702737 78436 428217 994962 279753 494337 262014 239102 540094 928481 419658 302429 810286 737236 321918 770 795893 301355 722622 850207 290852 319118 167337 650578 276666 649902 685481 744605 382721 294265 569433 85457 372697 505409 588178 160209 999741 357952 907066 539835 286432 326723 350023 96717 571719 179700 605242 367611 988810 327863 217817 279661 646976 385150 437999 431402 542811 631239 176006 433291 433264 253198 26507 313720 758603 614681
473924 266107 480392 380989 313701 766819 215471 171483 371295 787185 351178 976532 662556 847748 812155 388132 635168 966890 281041 73166 398291 331612 704401 574293 764898 645424 335250 791401 959139 93852 913841 433062 867715 901992 321810 181415 668810 537276 352894 547864 832221 211831 32159 2540 59578 844309 390667 694742 318963 179468 767903 717249 511075 980063 799301 783732 625486 134551 82896 584624 736158 504496 525445 603872 406487 355014 293047 583056 892286 645936 130919 232270 857762 670834 234805 425100 22906 133231 119841 341864 312694 395503 59113 331528 883326 366173 623020 508811 500719 705911 601195 744637 718167 634399 348508 124653 989409 149314 215469 389458
5 51 3 3 64 59
4 98 41 38 9
5 44 21 46 33 46
7 40 80 36 42 32 42 52
4 30 88 73 54
7 18 5 79 20 20 89 25
7 30 62 78 36 57 98 33
2 95 10
3 27 97 74
8 38 77 61 19 17 86 73 93
3 29 24 74
8 12 50 65 93 63 94 28 19
3 61 12 90
2 44 68
8 69 25 55 46 38 25 14 23
7 6 77 25 29 2 25 93
1 41
5 13 34 13 83 28
5 95 17 98 90 84
5 11 61 21 8 50
5 21 24 94 26 100
10 7 53 94 99 3 34 83 67 19 47
9 47 23 95 63 20 85 99 34 95
9 6 2 8 51 74 31 44 99 82
5 5 34 59 3 88
4 38 54 15 84
4 61 7 49 75
6 85 25 12 31 83 17
4 42 19 57 24
4 55 5 79 60
10 89 14 77 32 51 82 46 87 36 58
3 84 85 70
8 9 81 98 92 50 81 85 68
7 9 34 43 13 12 54 55
10 68 31 83 70 13 29 56 100 38 100
3 22 70 2
1 2
1 74
3 83 58 23
1 66
6 13 31 67 67 85 66
6 15 48 7 79 28 63
8 18 62 12 39 83 13 21 37
5 94 39 97 52 61
7 69 16 80 99 82 98 83
9 83 50 99 89 80 78 3 58 95
7 21 34 51 86 54 87 100
10 26 97 51 38 15 71 54 46 70 87
3 4 38 77
3 88 18 33
