100 10
92826 66702 438624 567515 262916 6687 917340 213433 815907 922544 24855 812378 675530 258287 787603 922779 786170 113224 562354 700284 382358 65707 256677 619433 265012 198933 209456 401018 575653 808828 522604 668475 383289 468988 743749 646201 475670 661088 367393 291577 91395 900003 611714 766920 158289 907077 197463 452218 20300 759812 152501 910413 333279 916933 37610 106050 115865 247061 507064 691514 55889 537427 867748 946933 6414 119260 100897 482080 288107 468285 281416 379497 368287 400889 654177 34335 307965 359399 486548 836021 626970 639045 254197 468008 63741 291802 574054 179602 538859 588877 378875 102507 126303 754382 49439 640473 873637 150332 630312 161743
126376 911723 48999 2423 820371 703171 36753 128336 570329 523297 472116 197299 670101 726308 665302 733837 18110 747115 421198 64728 335991 800068 167230 462290 62213 724424 610522 935845 874751 240833 97587 508887 660315 146582 19069 480685 357512 55817 609016 927837 86873 588891 632895 264733 315199 298196 506330 841064 45311 927523 905787 889057 235355 580776 351346 297563 305199 469627 233408 687710 710455 838750 704356 370769 493091 723420 851450 358363 779232 968225 286199 373865 557116 919089 146357 380074 725044 652682 221137 278114 580205 634683 167171 323319 215458 26276 620877 520652 495899 362044 716121 714113 708554 420476 592642 201644 143895 444091 560002 430887
13 56 27 54 48 51 27 84 77 43 65 45 45 71
39 2 71 91 58 25 83 90 37 60 90 22 43 28 56 29 10 19 36 88 24 36 91 51 19 67 45 83 63 90 6 1 43 28 91 100 52 25 90 88
36 79 10 31 58 17 59 20 35 46 59 11 81 49 61 99 67 57 34 81 98 39 33 41 66 76 40 69 100 81 8 88 59 69 18 69 86
28 88 72 73 98 82 54 99 94 4 65 3 37 46 100 27 78 92 44 53 32 12 5 64 72 92 75 40 61
43 25 88 82 97 12 79 30 17 77 24 21 94 78 9 39 77 36 68 69 31 73 52 95 77 15 66 20 41 5 80 83 82 19 16 30 30 47 59 47 23 34 19 68
11 27 58 40 14 26 60 45 50 11 39 78
27 56 97 18 60 28 52 41 46 68 70 27 66 81 25 88 14 95 8 77 74 65 16 87 42 75 83 91
37 73 68 65 28 16 34 88 43 86 80 40 5 2 19 70 34 43 9 47 90 68 75 63 33 90 49 74 16 84 17 52 56 36 17 84 52 50
23 94 87 54 86 43 7 4 64 40 98 73 39 87 40 13 49 24 55 50 50 70 33 66
22 40 1 90 75 4 91 49 50 78 3 35 20 61 90 36 1 87 60 91 26 51 3
