100
857 529 1098 1048 430 1443 1117 422 565 1018 745 657 30 344 429 826 1323 1300 1186 1726 265 1491 39 548 1288 593 1973 822 631 1472 289 1839 352 1387 886 782 1181 354 1203 1746 1724 299 402 1753 643 1182 578 1965 482 116 42 1958 80 1997 1245 673 321 419 1303 1793 707 1493 496 93 378 1629 1626 1084 1183 1723 807 1482 476 559 124 1657 1488 440 490 1603 1587 1561 561 1935 1157 1585 256 1575 887 400 282 731 1247 726 1109 876 351 192 58 73
50 39
48 8
14 57
95 6
46 50
87 85
62 99
19 18
84 26
93 22
25 74
53 72
99 13
99 2
56 56
74 5
47 74
12 60
30 58
65 75
7 3
59 68
2 30
38 85
55 30
6 32
55 58
55 5
22 53
6 77
8 80
81 54
5 44
66 34
2 82
60 60
85 71
80 38
100 17
22 6
98 79
89 52
89 43
56 10
47 62
87 7
93 19
60 49
63 77
82 64
59 93
75 95
63 54
32 14
70 5
20 67
35 8
70 23
3 78
85 49
39 71
55 83
41 67
31 3
95 64
18 5
56 93
99 71
46 82
84 68
38 55
86 73
15 56
95 69
33 79
17 23
1 24
57 42
42 39
96 36
54 14
41 9
6 91
31 51
73 67
70 62
73 56
34 87
63 81
7 47
11 24
69 12
99 77
5 40
15 100
75 68
65 15
28 70
58 59
