1000 100
423 499 74 615
559 630 189 43
163 941 945 545
885 675 911 769
117 175 134 216
592 930 8 402
671 792 548 201
599 656 129 21
154 554 987 65
184 527 107 346
468 403 242 352
78 153 472 194
679 605 409 270
886 768 23 556
911 570 109 509
577 589 881 82
142 220 146 325
746 252 22 565
655 264 269 732
768 740 277 798
697 685 67 582
452 441 138 714
362 598 222 938
186 454 19 327
673 517 4 771
120 377 335 774
640 603 857 759
695 133 556 391
817 974 324 620
414 813 685 775
410 906 64 947
712 435 626 736
951 981 506 70
357 841 196 349
795 52 107 841
185 663 231 353
988 907 325 402
719 9 528 481
267 592 427 330
26 52 65 976
384 571 397 741
763 592 89 557
644 195 398 180
209 980 884 197
886 560 950 957
921 829 437 539
420 215 868 797
619 932 124 2
502 521 742 264
464 182 173 459
729 570 990 937
901 874 485 139
785 786 95 705
615 883 595 386
97 462 183 67
394 658 69 247
530 162 863 994
344 387 452 72
308 442 360 208
667 845 346 803
982 792 860 948
26 454 334 475
916 868 541 661
877 609 259 407
771 473 400 114
859 203 185 166
996 544 374 14
740 71 817 74
215 676 21 240
481 706 714 748
573 255 760 802
215 19 208 985
843 607 450 702
161 986 867 157
882 592 170 621
15 338 46 229
365 67 820 846
772 886 593 697
492 705 498 706
723 57 43 565
15 492 618 175
478 485 331 711
428 853 683 442
190 729 22 907
795 842 752 918
79 696 614 570
400 463 627 474
519 669 391 533
161 8 60 990
844 742 52 272
594 734 713 136
462 735 42 608
928 145 526 6
192 491 927 592
306 553 417 176
222 807 709 734
167 768 75 10
509 126 281 455
211 346 942 673
432 335 632 711
