1000 1000
391 328 887 127
904 169 610 289
582 801 822 509
222 492 871 485
996 954 524 888
682 4 310 967
538 654 955 258
378 603 203 768
930 441 246 186
961 207 474 542
359 647 402 580
139 273 65 486
578 940 373 260
943 35 226 832
40 533 89 418
135 643 537 416
84 783 953 44
341 427 938 700
425 691 279 563
963 695 49 893
635 773 152 929
159 377 761 199
909 201 968 395
844 504 163 279
638 115 674 979
893 611 30 318
302 308 880 616
355 280 508 341
53 659 269 211
388 381 761 648
934 728 395 129
584 557 407 573
671 80 903 564
43 932 881 344
592 112 311 946
392 819 638 796
829 906 6 568
639 119 216 572
198 962 52 133
518 458 706 540
889 960 103 931
892 335 626 835
447 937 780 190
107 769 985 935
674 342 503 664
460 70 587 658
31 638 790 900
447 847 439 336
807 542 618 50
228 596 884 26
884 15 215 990
783 551 276 808
893 130 472 352
551 58 361 933
48 503 832 494
701 271 181 507
164 151 908 743
746 791 769 981
157 335 322 939
886 597 99 778
79 570 481 629
979 842 914 26
696 745 872 396
367 52 255 530
202 162 273 299
305 393 279 461
727 952 752 964
549 850 741 979
771 222 959 101
415 872 127 110
617 998 857 335
401 111 865 603
625 489 253 929
233 884 741 311
835 844 275 735
693 15 65 815
588 24 916 354
895 394 815 863
743 672 198 143
134 414 97 758
254 350 38 486
585 779 796 771
974 70 506 667
437 922 833 376
945 748 730 192
141 544 406 883
215 603 378 701
368 474 458 621
175 496 458 759
626 606 530 599
27 387 617 463
308 802 839 605
549 920 796 42
463 201 276 30
156 653 730 875
127 539 496 301
386 305 412 363
910 293 314 937
31 282 751 338
83 941 294 632
860 89 25 675
642 300 56 149
953 137 23 431
675 870 83 413
527 846 775 436
138 88 724 168
370 475 858 452
415 151 435 627
592 459 301 585
111 708 733 415
844 107 845 518
329 279 930 855
125 57 290 262
144 366 782 865
840 991 317 606
141 103 232 84
562 884 20 672
591 104 86 434
211 282 304 539
560 585 745 36
641 34 650 785
399 431 649 590
773 317 548 265
420 779 349 333
15 720 4 605
824 441 391 386
74 46 276 985
630 20 21 271
405 22 407 156
804 407 745 576
724 292 840 495
423 540 827 789
260 182 745 83
974 135 820 47
532 95 383 162
466 403 784 870
776 190 25 579
948 122 154 671
765 994 165 539
533 991 327 792
524 72 226 497
558 45 543 90
491 926 603 956
680 386 178 808
927 554 386 874
27 540 545 792
885 61 682 417
404 9 561 927
432 138 424 989
535 318 430 25
595 32 333 627
417 862 434 343
415 171 217 794
710 113 585 594
173 618 363 928
626 923 855 57
60 630 398 594
299 827 971 246
859 655 224 627
516 657 970 282
827 186 75 889
650 11 834 822
629 196 102 606
470 956 15 882
937 412 827 587
590 797 832 800
803 55 427 318
63 396 952 242
933 26 482 582
389 315 755 17
863 856 622 684
163 988 565 451
399 392 38 341
540 221 140 343
628 566 12 42
313 963 635 597
341 116 530 729
783 285 745 997
492 718 680 7
706 597 457 456
340 846 148 231
419 288 925 46
205 937 439 870
251 74 466 591
541 996 319 323
632 415 671 123
133 703 129 190
299 938 645 990
783 793 220 201
432 145 598 988
81 37 857 331
462 323 274 2
670 592 677 301
7 347 775 491
49 904 680 347
193 676 688 975
820 908 528 251
52 477 239 484
513 95 166 974
769 439 328 438
31 4 90 389
350 865 879 399
120 558 97 312
233 785 286 53
44 165 655 95
642 893 930 506
340 95 832 460
534 159 898 916
162 987 304 511
203 182 261 322
739 710 633 323
846 271 727 889
435 382 335 428
626 264 934 965
358 765 425 243
923 674 158 436
12 461 946 215
642 559 536 732
620 521 407 465
791 133 705 577
514 391 5 140
654 290 456 363
406 232 606 680
905 763 115 917
224 412 483 217
322 370 301 941
890 707 757 680
191 461 609 57
851 965 548 856
254 3 219 11
587 176 42 491
938 156 759 513
919 593 82 241
963 734 533 852
792 290 884 982
102 492 390 305
456 937 160 61
292 730 423 878
905 464 720 195
971 831 59 889
423 492 481 385
225 14 589 16
655 472 350 756
315 739 412 770
28 572 182 319
653 604 196 910
419 267 456 389
97 514 629 520
358 462 256 582
827 844 950 481
667 651 588 981
741 1000 102 768
923 635 86 575
590 633 836 8
900 291 748 348
157 377 219 514
190 475 447 16
670 396 848 689
398 787 669 139
138 123 906 60
757 344 987 347
976 822 354 227
465 454 927 621
182 145 486 371
971 932 738 641
680 585 681 77
723 349 215 861
471 121 920 228
464 258 926 791
432 631 370 896
84 296 868 265
440 353 635 763
284 724 755 963
660 435 40 383
783 606 243 606
726 514 185 541
772 110 332 555
740 701 450 824
348 669 440 787
21 427 901 656
150 655 971 810
89 362 192 872
967 786 829 45
299 13 585 422
122 268 976 213
320 777 388 667
445 828 806 817
254 706 473 403
361 443 212 449
156 755 672 122
540 500 166 191
864 103 964 337
370 292 550 42
68 937 708 865
764 513 681 17
571 505 772 931
947 983 731 454
90 403 928 629
254 445 171 470
547 135 806 269
426 355 310 845
644 369 709 407
882 742 776 452
246 899 734 545
233 464 998 322
218 925 303 824
370 473 293 916
607 98 536 384
453 197 229 448
566 289 854 447
30 981 250 276
879 335 820 112
798 817 785 368
742 87 191 463
560 483 730 518
932 266 902 736
462 482 183 27
770 389 825 800
369 426 427 600
760 246 63 910
414 847 277 507
934 467 969 845
301 699 362 232
316 263 968 777
96 150 156 866
538 332 17 259
758 443 210 869
688 272 778 453
470 54 960 403
872 928 599 172
978 961 756 293
575 75 422 671
224 929 536 114
260 904 724 369
346 933 238 385
556 15 837 25
421 796 780 292
76 378 816 405
338 923 50 265
997 823 935 572
751 822 37 362
725 760 731 70
44 320 806 599
334 642 624 106
790 403 398 217
780 565 621 470
839 670 734 835
492 20 758 594
841 795 956 565
906 38 986 950
357 791 900 42
784 523 148 573
277 897 141 409
461 762 878 299
783 963 485 627
334 242 220 174
388 527 90 294
916 75 595 624
217 494 666 1000
369 813 925 645
61 65 53 521
178 282 171 961
596 7 587 929
600 158 454 988
37 543 633 304
969 579 928 185
424 593 537 792
757 813 437 817
877 841 689 55
475 211 367 70
217 305 351 168
462 804 507 850
347 139 154 667
69 81 204 493
25 740 284 781
552 72 949 780
913 637 186 387
199 552 808 415
856 158 934 670
962 441 519 660
931 24 326 1000
104 529 492 480
620 127 612 523
199 560 303 463
548 488 201 746
40 8 512 247
166 446 916 479
886 435 490 816
458 167 167 914
48 10 393 667
137 357 190 687
916 844 149 464
331 349 561 722
708 73 969 225
518 236 703 755
22 192 570 480
711 89 745 758
98 489 424 234
845 965 272 113
808 420 928 491
120 488 564 828
560 884 52 429
120 107 183 141
650 105 972 360
193 68 117 290
909 893 876 753
857 147 217 17
919 144 507 38
632 422 217 543
306 621 972 777
79 154 269 728
258 241 88 450
660 556 92 568
448 967 673 657
465 889 673 383
385 531 773 16
952 341 910 609
961 881 737 39
35 6 119 644
598 558 94 257
113 537 177 913
855 849 569 319
89 593 54 473
123 826 840 426
518 750 35 479
630 123 869 16
128 339 660 77
896 105 334 361
641 862 273 495
710 193 165 150
785 218 623 259
395 814 684 913
563 70 743 545
193 611 560 672
302 571 749 197
675 434 557 667
295 181 161 356
373 678 505 509
895 479 767 290
293 451 202 855
872 296 399 64
258 311 736 559
881 836 756 556
269 664 574 563
845 735 918 569
764 774 78 658
253 196 299 545
998 500 751 870
795 502 285 53
812 372 963 44
207 718 951 475
382 525 37 578
611 306 146 374
80 575 31 332
123 330 228 120
181 330 989 328
831 274 732 994
997 694 38 204
764 988 678 497
864 67 74 474
372 571 847 451
498 878 134 620
559 713 739 91
43 80 418 225
705 501 219 701
195 608 904 958
947 934 454 811
1000 879 284 723
449 483 526 946
712 659 917 270
372 656 712 766
87 130 990 791
630 560 491 176
519 747 485 818
32 290 628 383
168 263 105 969
97 630 266 808
641 183 429 364
190 141 481 276
622 470 66 603
382 908 779 900
6 263 69 37
905 48 419 72
663 876 40 759
505 306 567 497
840 347 212 29
487 692 304 108
514 369 711 895
628 841 146 634
455 215 670 359
262 441 783 924
316 822 35 172
479 601 669 318
299 880 346 786
924 1 245 437
369 307 331 349
499 828 982 954
42 3 664 656
795 446 931 110
620 965 282 98
917 302 768 568
533 465 353 456
466 949 892 186
608 574 534 106
402 867 411 795
222 75 802 16
520 85 126 491
49 759 941 318
412 708 885 944
524 589 752 989
889 995 527 496
921 60 602 322
279 12 468 500
86 270 515 958
354 992 448 754
102 740 423 513
447 659 809 971
247 912 311 488
906 837 983 826
249 584 499 879
948 967 378 385
588 244 694 941
588 494 46 689
233 469 554 32
479 714 354 78
625 664 565 530
853 547 708 453
483 558 331 430
524 60 166 463
303 860 755 242
705 801 283 937
621 836 968 99
901 321 176 525
337 92 406 541
639 465 993 121
23 323 902 546
382 419 361 36
278 115 278 982
915 912 271 887
747 238 338 999
911 865 523 599
957 280 139 595
745 483 67 767
157 320 664 890
738 24 925 368
139 554 349 405
465 971 292 563
561 629 561 471
493 435 421 449
715 559 395 459
393 461 225 549
132 240 438 870
264 714 237 402
268 937 806 84
908 449 647 820
77 559 290 922
994 710 722 708
620 117 518 364
929 742 912 61
981 701 282 596
414 870 997 33
158 155 117 417
955 115 236 384
673 525 305 666
586 378 725 557
494 242 920 775
335 183 187 668
883 468 263 649
689 612 681 846
766 797 263 72
911 850 455 936
727 759 953 312
137 678 221 982
919 492 108 606
27 294 273 261
113 535 909 801
146 942 999 263
90 261 335 353
462 789 288 188
900 240 852 388
269 72 721 540
915 829 145 941
122 417 202 235
303 462 387 449
403 385 63 845
997 749 197 459
890 484 646 789
75 497 528 344
920 248 883 187
428 27 127 550
795 680 136 97
494 874 897 248
611 960 92 607
60 288 417 949
771 415 89 198
263 616 541 183
216 423 369 643
801 847 544 595
879 31 43 372
905 940 619 867
251 711 473 310
998 242 259 121
656 347 318 918
315 210 452 882
632 172 876 784
19 420 730 249
802 772 620 58
63 238 924 665
300 749 327 650
990 937 770 645
283 439 914 949
648 718 830 631
889 706 766 259
477 495 507 630
618 126 688 33
716 611 697 367
711 375 16 700
311 137 696 946
927 610 894 574
327 76 556 567
133 321 826 609
167 332 590 785
810 277 169 877
240 865 243 950
240 259 650 902
747 697 847 674
306 741 599 984
168 155 903 300
827 728 260 994
411 849 130 572
478 298 448 717
514 43 18 105
301 19 7 399
716 853 72 373
945 671 709 112
825 611 763 3
338 374 996 100
223 477 672 52
774 471 768 640
513 137 744 165
156 102 564 223
955 635 595 251
305 303 715 481
265 477 484 954
203 831 54 425
308 77 828 433
547 947 72 60
83 168 224 238
269 139 460 575
774 407 826 430
61 892 263 326
368 98 279 922
928 684 346 587
760 525 20 659
471 91 70 554
258 645 143 879
784 955 453 557
713 630 338 773
521 600 98 241
697 729 162 977
764 860 563 524
384 582 534 855
25 603 760 634
247 902 512 30
208 317 938 920
946 276 693 467
227 142 707 924
222 868 900 986
79 814 861 463
748 394 669 124
996 428 757 242
329 621 624 889
289 561 808 234
188 500 52 415
994 758 338 215
978 589 552 408
402 412 870 501
157 538 624 152
965 381 746 646
353 721 534 641
281 341 226 821
193 278 235 538
387 924 104 716
512 656 124 265
67 993 766 576
883 389 727 847
121 824 844 825
544 377 817 177
70 43 997 614
320 583 151 58
506 254 774 17
261 897 633 680
241 750 255 123
491 333 322 963
157 165 788 52
894 956 580 315
998 928 928 669
510 430 727 15
35 852 383 296
748 16 975 340
117 229 463 607
561 784 570 69
300 709 121 193
664 52 507 14
980 786 682 489
215 760 856 250
963 238 897 710
605 871 50 722
99 864 680 11
999 249 80 298
957 552 843 973
603 701 986 934
487 667 775 53
779 630 654 741
219 550 803 824
420 204 897 870
67 928 881 417
177 312 714 485
863 556 457 817
257 442 751 95
461 525 147 591
154 153 331 724
702 485 547 474
688 795 343 106
723 575 522 251
886 588 87 100
143 544 917 751
337 667 845 797
543 344 387 696
848 70 419 549
554 318 374 594
464 69 51 538
995 925 140 881
512 227 980 6
770 248 757 106
914 953 255 456
648 993 503 495
62 274 396 968
943 121 561 758
189 963 296 184
887 435 416 398
661 747 404 782
995 512 240 260
464 846 716 464
838 570 958 252
195 705 219 137
826 131 895 366
93 542 549 332
976 964 729 989
63 484 122 57
995 361 316 811
558 383 274 396
953 583 999 147
288 217 636 465
699 530 830 143
71 731 474 398
46 555 738 108
38 860 164 385
572 480 195 130
862 820 877 166
402 875 665 41
443 300 857 141
181 687 635 603
417 109 1000 462
15 90 570 52
949 85 436 872
916 982 1 778
801 877 295 555
103 959 595 545
610 452 37 790
490 672 392 258
132 744 719 146
833 640 549 781
77 337 652 992
670 5 121 471
233 416 377 336
726 323 232 336
126 269 125 615
292 869 872 423
612 943 920 444
934 820 576 362
508 579 354 178
583 826 1000 168
593 376 503 319
698 86 6 176
354 482 790 997
350 14 771 961
308 690 756 593
862 331 955 369
910 660 546 844
485 897 11 430
272 865 748 322
951 105 849 656
586 990 653 936
355 423 248 662
465 4 607 326
686 913 46 947
924 944 791 760
840 153 189 464
18 288 137 320
392 985 975 978
974 979 913 329
754 512 342 570
515 948 247 201
860 292 147 135
587 289 895 427
442 83 890 459
371 26 130 762
10 456 739 335
787 3 663 540
515 5 461 381
304 59 933 516
350 80 650 289
720 544 715 161
979 956 971 349
981 100 462 342
556 553 28 694
555 691 233 421
47 45 802 350
103 734 865 804
165 515 92 885
410 806 397 388
113 368 88 93
819 550 786 726
454 814 419 360
856 3 781 902
47 934 251 501
19 468 305 184
334 748 420 743
906 816 483 18
535 922 463 354
471 248 79 276
413 850 636 268
852 416 521 251
349 772 751 719
591 407 902 924
155 673 18 60
489 852 77 375
774 539 728 596
139 159 872 903
8 507 171 211
274 691 461 974
814 564 692 404
970 946 679 476
618 49 535 458
900 964 833 673
854 912 621 992
422 492 895 781
350 417 992 623
459 804 596 625
367 287 380 689
584 59 164 202
107 51 659 358
14 843 31 867
107 3 211 528
494 457 661 843
225 652 817 683
807 412 307 526
50 39 214 634
97 729 187 555
779 197 912 792
40 294 11 146
296 573 25 141
29 685 983 253
688 151 287 495
562 946 372 964
984 937 949 432
665 135 338 444
331 249 587 722
895 597 867 190
169 244 331 549
928 665 153 968
816 440 814 729
737 185 44 72
121 992 503 785
478 840 580 809
440 167 530 334
763 749 876 284
344 206 832 271
222 985 590 389
776 403 118 864
587 161 935 707
505 789 844 982
980 423 790 419
589 672 105 704
772 980 987 115
537 170 737 110
506 327 499 633
729 968 496 668
480 782 374 984
570 569 966 549
992 107 320 580
130 776 635 253
107 621 719 995
143 808 456 1000
134 954 633 214
273 480 233 753
262 607 736 831
527 53 732 518
512 403 450 641
530 84 246 988
57 964 982 551
771 437 550 256
743 182 822 15
662 54 767 275
12 855 457 539
259 188 56 770
942 857 763 823
941 8 810 349
971 791 899 94
580 448 349 674
982 522 688 995
576 807 269 587
13 725 477 271
265 533 41 558
741 803 381 681
162 190 381 484
333 279 577 264
79 278 937 412
799 976 406 726
782 674 313 146
750 789 417 14
673 809 924 766
963 304 798 124
845 179 607 529
809 536 792 887
165 728 298 315
56 55 41 189
80 705 335 830
845 103 195 870
911 118 635 873
773 432 348 618
962 306 146 771
841 938 9 357
17 659 672 424
713 64 613 793
768 947 974 964
49 520 185 311
638 819 183 410
603 882 379 564
187 525 334 380
814 343 736 182
1 759 606 65
822 570 209 941
516 182 257 916
702 441 578 691
260 112 452 214
993 831 777 179
707 111 558 872
805 646 405 157
756 362 221 578
931 782 870 798
963 478 713 16
919 290 58 530
401 510 743 745
692 519 924 750
981 833 973 137
830 377 293 586
91 866 515 21
647 736 819 961
214 883 329 132
525 386 13 277
247 755 22 290
625 297 391 958
481 363 94 311
92 739 896 182
604 762 202 250
497 372 562 710
255 890 193 779
628 205 55 874
311 428 516 288
724 906 245 205
621 690 515 712
428 762 893 31
875 446 632 371
818 194 433 424
435 625 202 62
182 608 288 844
36 803 131 111
708 727 315 328
769 181 391 196
294 283 579 168
81 562 891 250
755 323 673 542
299 226 603 832
833 890 28 220
692 510 683 752
237 349 431 357
882 822 552 175
456 482 695 888
44 937 137 150
259 809 691 909
386 646 93 219
535 120 790 579
629 824 330 217
173 112 573 54
285 477 580 741
958 274 628 353
210 117 855 820
925 897 81 311
