100 400
80 57
23 95
36 30
87 79
9 26
93 8
74 55
63 9
75 77
62 36
12 71
71 68
13 9
54 35
43 88
40 65
34 76
46 21
6 55
98 50
14 71
57 28
5 44
18 68
66 40
87 78
48 41
65 80
25 7
19 65
24 53
92 69
25 97
75 74
99 89
96 55
68 26
37 72
21 54
91 86
93 78
15 92
70 79
23 94
38 41
58 13
45 1
33 21
98 60
94 48
100 89
2 67
66 38
39 38
43 81
23 35
58 38
78 27
68 100
73 57
92 82
69 89
83 2
61 32
13 55
79 12
95 80
78 13
69 68
50 11
49 73
97 6
62 26
85 81
77 57
38 68
38 58
8 72
11 69
3 23
75 81
34 69
81 32
79 83
94 79
7 42
37 68
67 21
48 43
29 37
63 18
95 70
90 5
38 92
80 64
25 13
33 36
76 65
20 7
47 13
85 53
55 21
72 73
41 72
16 21
8 30
39 54
99 28
11 89
71 90
52 95
54 36
83 30
1 54
36 99
66 20
4 72
41 75
45 33
98 12
41 44
11 39
23 21
79 45
62 83
92 16
18 74
97 70
27 32
21 44
3 24
68 95
50 12
80 100
75 85
57 15
80 67
5 54
40 84
50 1
18 41
68 35
66 64
57 44
47 29
40 2
4 7
48 5
18 27
4 92
63 60
58 94
27 62
99 18
97 49
18 14
41 38
1 7
1 9
50 100
37 89
53 40
95 100
44 64
79 48
7 41
59 64
87 85
78 85
2 74
85 72
40 26
61 92
84 61
100 85
12 88
26 64
27 72
64 22
36 94
21 94
34 80
58 72
16 87
9 70
60 45
41 99
70 1
42 5
13 41
90 77
28 15
92 6
86 55
28 73
48 100
67 34
79 76
57 95
62 17
64 73
62 56
24 83
8 65
88 72
6 77
43 92
91 28
98 70
1 98
21 67
83 100
94 39
46 55
56 61
27 17
68 50
51 27
15 38
50 72
66 50
56 8
93 98
36 90
19 88
87 40
6 21
91 99
60 36
5 67
48 31
35 67
33 85
93 99
75 42
70 40
43 77
48 35
27 83
25 45
70 63
36 75
84 78
25 95
65 29
13 12
59 47
78 43
83 22
41 57
64 10
97 58
39 44
93 65
78 69
61 99
83 49
73 18
26 97
12 91
77 24
22 84
78 5
5 70
13 20
32 9
78 70
4 22
86 81
90 98
79 24
98 3
42 24
51 53
66 27
29 71
14 50
54 43
6 59
12 19
78 95
79 7
64 83
28 1
15 69
51 46
93 48
100 34
23 51
86 88
29 66
11 42
16 64
36 73
74 48
91 4
42 70
10 58
4 38
10 18
6 60
15 50
60 15
83 82
65 21
22 45
86 32
87 53
95 22
26 69
21 16
72 15
37 33
24 92
70 85
10 28
45 76
77 56
90 12
37 6
32 58
51 17
70 84
62 95
4 35
62 27
49 51
59 24
42 81
8 3
8 4
79 36
59 20
99 96
26 30
5 76
99 94
16 20
14 32
11 27
58 11
77 16
86 71
96 46
73 55
49 3
43 60
23 41
7 48
71 11
75 21
4 90
40 32
18 5
15 81
31 72
40 81
82 35
26 54
42 26
57 84
85 31
24 43
78 46
54 4
66 9
45 5
41 62
9 7
94 92
79 89
3 18
69 84
4 94
89 45
19 97
80 56
27 56
98 4
1 51
59 19
60 3
75 52
17 36
27 88
98 81
57 18
16 61
11 4
57 82
1 37
37 27
92 34
83 44
37 41
62 48
96 89
51 12
24 60
21 2
