1271 2342
1021 657
858 918
374 936
666 973
791 698
706 70
1175 525
355 728
55 1269
78 318
1221 314
608 1033
130 21
1262 730
778 572
243 527
1229 324
668 825
1259 62
526 2
759 454
71 662
979 919
612 256
916 1183
573 865
720 403
627 72
423 617
802 423
412 267
950 369
590 346
416 1072
901 164
1073 388
618 366
272 819
13 106
1074 929
511 375
1016 1230
1271 371
31 422
211 55
67 622
321 1016
213 134
90 1122
1205 213
14 229
600 631
594 94
672 1100
693 474
757 1204
71 996
1162 70
95 1192
985 799
1246 1052
643 790
796 78
923 109
1199 79
321 1213
801 144
1066 617
731 467
445 647
163 425
579 234
149 469
303 243
884 511
265 81
291 907
870 309
985 1015
911 912
316 455
76 1116
598 1142
461 551
831 906
1197 993
59 504
449 207
196 1246
943 302
485 1207
876 775
843 475
306 1050
712 1217
690 1028
400 766
872 220
1130 556
770 1183
190 1190
904 742
916 576
171 334
550 1113
635 1034
272 240
1031 1114
1208 65
115 1142
504 804
898 903
792 993
1122 1144
771 1115
1055 960
1033 1182
924 1171
486 1094
234 258
158 91
20 429
330 273
765 760
831 879
631 64
906 751
966 920
966 40
793 465
1154 1070
647 138
203 299
37 1182
121 270
168 279
361 681
707 1184
953 695
1167 513
302 1020
576 1207
499 764
856 194
803 871
1152 1179
669 528
45 872
826 576
782 170
68 173
942 922
853 871
58 1029
294 1224
764 596
972 562
1025 693
54 609
886 80
208 1261
481 100
517 526
971 565
324 975
734 391
370 898
536 1223
498 593
203 14
545 966
609 739
750 363
160 803
194 269
105 896
258 586
995 774
334 1188
561 657
114 518
270 484
144 28
929 641
620 1131
655 1164
48 486
631 797
71 14
822 759
282 927
383 539
735 106
535 1068
516 1095
947 629
341 439
335 485
467 1263
348 1086
345 225
202 886
711 55
411 4
68 456
762 349
605 1144
110 68
472 644
358 210
468 527
839 31
965 1173
515 160
388 86
469 732
310 1164
347 243
1218 1251
741 509
929 231
857 262
598 190
823 292
833 1180
502 523
435 69
554 623
464 291
5 851
376 473
806 1180
365 375
151 806
848 114
43 506
345 122
767 165
311 813
456 367
721 957
889 379
248 171
224 1206
462 228
8 60
701 813
1239 288
410 613
316 1258
726 358
492 293
974 1258
457 507
799 136
873 743
315 491
344 1057
1155 567
991 839
794 998
899 717
1034 89
228 172
1195 543
158 1144
124 649
165 320
1130 1116
826 1151
1251 922
1116 788
141 682
573 518
1248 292
86 1265
513 207
710 275
789 160
446 713
1197 1098
585 49
475 1243
862 827
1087 416
1201 289
66 1045
300 700
456 872
441 926
1164 1020
919 899
449 852
1173 1237
234 841
1172 159
667 485
701 365
951 291
414 766
707 343
278 1266
611 577
1189 289
671 358
1214 1057
106 85
684 554
159 585
1013 392
649 914
551 44
621 1251
902 300
271 45
289 200
881 1060
194 220
859 605
508 258
962 945
44 290
1029 727
66 1187
535 1079
801 406
1215 80
449 564
554 574
87 824
618 375
1023 721
163 439
941 244
267 671
501 1228
344 1038
741 595
988 806
1004 745
1107 534
1150 1050
1107 821
837 389
123 923
435 1234
520 680
684 682
1119 847
148 114
246 648
564 1084
415 527
901 131
62 634
875 391
390 753
664 719
796 229
1108 919
1151 271
104 399
951 787
303 21
362 450
628 1102
320 414
914 1228
941 543
87 225
399 184
1109 11
159 501
730 955
729 1060
1096 1102
59 1199
723 232
1209 248
746 299
1191 596
623 240
233 265
690 396
31 1271
620 923
183 457
934 836
181 886
1013 909
674 60
1234 1226
1258 1179
681 1195
156 649
717 569
1245 562
31 206
50 721
601 80
720 443
225 125
122 381
960 302
1266 1195
434 668
1254 890
1117 464
797 526
881 175
1174 820
744 370
111 774
1069 160
717 892
733 165
63 957
290 679
561 472
203 555
890 636
446 95
254 291
1052 274
39 662
448 1212
704 414
311 814
411 602
196 1127
223 151
515 779
331 27
186 891
992 389
174 610
247 1113
1199 995
132 979
491 664
863 938
605 296
575 138
332 985
739 528
63 961
1172 1071
963 231
1097 1148
1121 818
759 518
650 229
853 577
1223 985
779 442
871 370
602 204
665 399
835 997
606 797
747 669
980 1141
468 671
101 788
1042 444
334 529
961 206
1251 1037
6 1202
750 784
866 843
1153 691
1047 1041
312 1104
766 918
629 735
809 338
604 499
1008 1198
15 778
371 842
530 554
1048 509
319 276
934 291
1059 1022
1134 163
935 132
1203 1247
1235 1191
893 593
1148 430
153 481
928 383
901 166
1161 1271
1007 913
1048 6
644 589
281 306
880 562
57 1236
725 991
96 656
189 553
576 1081
368 452
733 520
155 390
126 279
1049 15
278 784
150 548
13 793
1137 293
1099 1239
78 378
426 802
591 1015
186 780
296 1255
1083 1158
930 545
900 307
157 1025
585 1205
262 86
1211 411
633 1223
1204 992
739 254
959 816
1125 113
346 938
1127 1025
940 646
232 752
532 1161
519 160
690 675
408 4
608 669
89 547
1080 1215
993 235
936 460
488 1117
4 835
453 843
501 802
1090 664
670 50
144 1201
433 662
584 1123
559 991
349 1166
388 437
935 690
874 1150
924 1032
338 634
101 835
197 553
406 1192
577 719
584 1247
768 1221
399 1201
1105 982
275 392
1195 623
780 806
282 937
224 1155
816 1148
139 376
1004 239
1211 1201
14 839
344 590
286 150
565 277
593 187
206 426
391 974
817 315
325 819
1120 606
484 566
983 28
442 1121
404 175
88 837
598 595
898 164
1185 1184
807 972
683 128
1158 888
553 278
1084 592
1086 137
139 157
1236 622
722 947
1144 387
20 770
561 601
335 381
1196 1232
1038 1109
367 573
32 1049
1194 1190
1159 969
690 971
289 504
330 921
660 294
765 110
464 637
990 483
135 279
1083 963
1153 230
147 142
561 1007
1208 593
8 1130
1005 389
827 423
89 338
149 912
481 31
1206 1246
634 892
1105 353
103 463
1125 408
648 230
638 794
371 421
1024 802
1013 1031
660 746
148 710
391 730
270 1033
371 1245
286 799
1219 920
419 275
495 521
737 842
151 114
1071 11
130 665
432 1153
195 667
912 77
636 1060
9 1026
1012 773
11 111
746 296
909 1187
438 56
190 155
1070 927
997 444
263 19
948 886
1177 108
768 594
775 902
671 139
1184 1173
387 925
674 891
1035 642
410 1167
557 70
445 747
225 738
896 444
1181 381
956 857
1266 862
188 762
184 962
887 77
323 799
473 1203
452 1146
823 710
517 1232
605 1073
524 1049
1042 1242
515 666
414 918
269 593
504 264
677 691
248 860
875 1134
160 420
662 632
351 336
1000 396
1045 739
850 872
1035 103
1144 28
73 387
694 981
528 962
302 1031
448 978
944 696
1060 1041
558 442
189 442
296 1033
1 25
158 1045
1257 1007
1140 243
1109 1012
271 405
621 187
114 1148
1148 415
130 819
615 296
243 403
65 23
845 747
959 363
509 959
387 1160
1226 867
895 1094
1109 1227
834 108
360 184
294 473
554 665
110 684
212 724
979 948
349 267
193 1193
1013 1151
285 744
61 1165
632 16
1254 750
1109 1092
1199 672
422 781
78 716
1253 631
603 585
43 37
37 245
984 385
511 399
801 746
279 308
219 833
695 73
848 678
822 686
992 1243
580 142
752 1151
80 1227
1004 682
540 270
718 1070
514 924
678 247
52 701
992 824
1008 1210
385 925
12 456
331 56
1141 545
28 943
687 2
45 766
452 1048
671 991
46 117
13 1053
264 1184
28 315
613 1020
361 843
958 1239
496 192
423 50
742 786
594 1263
457 503
1264 995
492 444
772 1162
658 40
7 1164
1093 270
1076 1120
1078 417
91 167
482 1049
135 977
463 1051
249 1204
566 66
418 1022
568 411
1240 1059
77 740
172 1228
2 179
1120 1094
942 147
166 1243
1057 256
632 267
527 1260
467 213
1040 715
145 334
3 563
578 1065
196 546
75 766
508 247
723 510
919 1065
826 589
1212 991
1054 997
470 415
487 996
403 953
1208 171
890 576
504 116
361 1082
1180 1050
850 1254
544 87
229 489
1090 370
283 644
959 717
858 1235
936 56
378 645
274 781
326 705
174 439
9 1172
554 863
205 462
641 1054
938 407
1140 390
896 181
759 401
825 940
340 411
904 498
960 10
1143 1233
13 691
666 187
1129 1168
581 411
759 785
95 622
567 256
252 930
645 370
1110 626
1264 663
295 332
296 421
52 1255
924 1194
1217 937
614 1105
346 965
1002 926
599 983
439 693
828 228
171 1079
1157 815
177 219
170 169
104 958
994 400
107 1045
383 1030
191 822
1189 804
656 757
497 880
905 318
1085 566
1011 641
794 404
942 1173
1219 1118
120 611
509 718
791 231
1117 120
499 722
372 689
767 784
715 151
269 1211
253 1174
258 66
962 491
1201 484
117 871
880 558
1212 222
391 449
939 1181
1174 7
523 401
729 895
312 224
407 1026
868 1169
188 343
294 939
408 1256
652 831
962 769
431 570
55 865
15 446
42 176
355 438
183 101
61 911
995 372
357 624
126 447
521 808
789 38
475 419
22 1127
1250 983
624 903
776 678
990 13
346 1031
188 701
692 370
24 752
503 1018
347 82
864 966
528 113
502 45
644 977
958 665
832 159
871 678
284 869
578 2
881 924
255 1068
847 946
661 870
921 1163
1110 1267
1245 702
961 501
37 192
1040 681
391 1220
74 445
107 167
1122 390
1035 428
391 644
80 645
935 926
814 324
1018 463
709 856
952 682
286 641
406 323
55 668
226 445
1110 299
112 1216
960 1233
828 723
884 441
590 186
1085 747
335 1121
1070 81
806 1001
937 486
906 445
1127 534
1261 404
424 215
72 262
1008 183
206 696
145 1033
147 251
202 1230
436 509
705 770
853 997
851 387
1221 1010
873 855
183 1222
117 173
354 540
881 425
801 617
608 229
41 1246
484 682
225 1179
1134 660
910 568
653 491
787 726
101 736
464 973
319 1140
923 929
535 499
691 145
924 714
1255 754
942 25
728 648
1200 175
555 1062
57 688
852 709
401 368
657 501
1103 1120
696 645
212 347
796 1240
69 216
607 215
929 591
968 1094
615 918
470 1037
1092 248
827 371
935 408
303 558
1269 959
1059 323
31 483
967 736
53 492
704 615
1201 40
829 858
630 525
680 467
171 373
726 485
620 281
78 777
1182 380
63 1179
68 344
231 592
50 420
56 596
134 759
1210 63
21 767
144 650
514 823
339 684
418 1064
391 260
568 962
1036 972
71 322
880 632
1159 333
1223 431
1246 7
1026 603
1259 964
665 9
953 808
658 195
854 220
101 494
506 985
754 296
676 1012
1268 1240
62 99
600 444
925 1045
874 899
1051 629
230 1038
815 118
1046 991
148 927
1185 224
369 15
718 97
222 200
393 897
1211 389
865 496
487 687
939 634
460 1035
261 239
392 985
500 430
325 768
149 472
917 556
1190 14
1064 1130
605 15
552 997
134 491
608 999
209 317
908 370
950 97
134 433
829 1019
146 551
671 964
48 819
165 187
104 577
695 1167
435 28
404 986
1024 538
699 360
759 131
676 395
500 848
491 1127
9 543
875 155
1093 274
1118 363
316 505
550 913
304 1244
31 738
1271 435
946 246
972 374
1099 459
504 997
853 226
573 567
576 581
1109 179
735 930
946 1076
22 484
803 1065
125 1107
1037 650
1067 259
1084 742
504 7
338 825
465 64
550 540
289 1122
329 864
431 166
265 389
319 434
687 834
140 218
627 759
547 886
137 343
1144 1220
307 870
1226 644
423 913
707 972
675 218
45 1004
305 475
392 1063
86 710
719 772
766 859
213 121
346 759
1006 482
324 101
924 630
193 101
496 1109
1013 1202
809 910
643 76
642 947
1045 1034
1232 1130
966 680
1125 461
267 560
1075 612
541 810
316 865
133 1239
717 326
68 1213
163 303
366 195
1212 231
764 1077
400 537
62 361
890 1027
1040 1237
216 529
525 20
363 1065
52 678
1152 678
1139 1092
226 429
256 883
731 1115
300 1165
75 1063
193 474
823 254
57 935
10 319
900 719
847 647
1232 432
934 506
332 38
1184 199
1129 632
1121 607
243 1074
450 1036
968 1018
51 1160
715 873
143 771
536 646
313 658
587 382
33 548
814 966
1053 1145
1003 188
567 83
43 416
689 779
219 362
544 409
602 594
297 45
689 933
39 447
801 845
1104 117
1226 359
1158 768
547 162
1136 279
844 431
855 886
846 767
393 287
351 159
695 952
1246 215
220 663
370 752
332 1171
325 658
510 279
1016 396
270 292
557 134
1064 623
564 1141
237 632
636 1124
142 209
11 836
384 1257
273 603
1142 643
577 697
1036 124
83 274
896 322
1163 1165
1107 942
521 899
294 307
1262 530
162 1121
876 303
58 110
361 935
95 634
266 459
499 65
1155 263
682 1238
1030 307
288 921
694 123
591 438
244 107
744 728
1131 905
577 735
430 1129
844 791
792 161
647 281
620 1145
839 997
136 250
186 388
556 967
37 472
312 1121
909 1049
1228 876
506 1087
509 305
1044 162
656 617
952 177
1271 327
951 619
694 1012
839 52
1261 1024
439 1039
1214 969
240 254
818 371
32 1268
1246 1031
1083 978
64 79
1139 1214
695 819
613 694
368 292
536 284
32 597
335 516
349 773
283 785
470 1016
1039 510
610 293
507 584
52 812
290 609
890 651
551 807
692 1163
724 1059
677 482
565 1203
1078 899
447 649
894 1223
163 92
191 1201
1096 800
716 331
606 767
365 896
598 478
769 372
13 190
263 1230
471 163
440 1036
588 246
663 257
895 286
208 280
871 892
703 695
420 147
248 1026
136 1107
1144 733
313 641
1104 819
53 590
778 524
1246 440
782 562
686 173
818 803
952 248
1082 1046
1140 513
963 782
1153 434
1030 17
269 902
749 1075
766 1076
622 41
394 622
564 862
1062 74
152 970
741 192
501 915
933 805
689 801
540 381
806 421
37 564
437 305
689 1185
602 677
212 446
717 1099
1068 504
689 81
1071 840
273 540
254 773
678 1187
800 95
1210 68
969 744
488 228
531 147
532 1219
554 356
624 766
802 563
593 598
1066 11
1172 89
73 173
628 327
168 528
242 967
1117 674
257 37
147 744
265 1171
113 19
1118 666
375 964
160 1176
749 753
996 544
763 896
632 835
291 482
384 458
233 1119
647 78
522 903
114 1162
869 872
1061 981
891 907
375 1265
1093 1029
1169 570
510 893
336 495
1011 190
552 524
1166 936
204 127
783 850
204 527
975 811
417 1066
412 206
1269 31
335 866
518 156
623 415
1220 355
530 284
849 763
474 130
15 862
288 218
988 293
290 414
820 487
1224 459
281 858
665 772
111 999
366 628
378 989
265 326
72 17
1103 144
779 799
767 16
389 277
233 105
569 1016
518 611
231 965
1070 511
1045 957
11 1156
1178 871
512 284
1082 1271
1103 376
16 935
519 795
462 508
810 851
784 266
178 82
10 1190
1186 241
883 207
1245 656
386 479
1034 293
572 769
576 382
768 902
757 783
565 499
800 249
1006 833
322 519
1098 500
1094 330
418 1008
1064 523
438 261
1178 823
1233 941
1115 533
932 914
914 428
544 893
433 331
120 1233
579 1126
17 901
373 337
623 195
666 1040
425 953
291 85
1213 691
908 1174
854 1245
929 514
887 571
164 653
192 597
206 312
1052 785
660 1068
908 1032
133 753
449 21
521 96
973 34
181 137
1218 1088
533 801
284 190
43 1171
760 207
1046 175
26 1252
980 1077
1259 368
96 118
128 722
870 1070
742 613
1165 938
1140 568
1074 1086
384 830
615 1162
1019 1152
1061 1002
581 58
1176 1100
38 107
905 519
474 223
1130 1095
944 728
893 414
563 9
574 925
577 871
740 183
429 577
73 176
951 356
1177 754
908 304
582 945
410 709
687 883
931 545
1200 603
496 44
240 281
53 813
1206 1123
906 674
34 63
473 601
733 153
179 638
906 1086
165 711
1254 574
148 669
680 1079
436 608
904 931
1146 366
435 1198
1179 369
1049 36
265 305
99 737
128 831
112 307
691 1018
121 855
951 597
652 1098
1265 554
128 924
384 1032
1077 258
126 240
678 527
608 455
563 95
1254 1155
832 604
1208 943
910 627
1183 254
705 862
850 579
1183 67
1132 39
990 244
293 18
996 419
258 402
168 88
80 1224
183 556
1107 237
1159 266
1179 21
893 1091
274 820
1175 346
127 1086
906 481
1125 1118
724 640
1136 942
1058 616
73 449
703 646
401 108
1201 731
344 1088
996 252
1108 1111
565 604
659 962
950 785
1271 1078
1265 347
925 1212
986 789
105 773
133 177
444 58
45 844
166 1245
303 1003
1062 522
1254 121
361 1041
1219 1020
1226 897
1027 1225
1197 1021
300 850
184 14
367 288
9 993
959 452
274 1003
25 439
977 821
170 1261
71 647
604 926
910 551
674 87
670 429
40 596
672 339
668 78
847 258
860 855
1250 547
36 252
772 554
1184 971
597 577
183 1162
446 787
816 578
560 712
665 1230
363 704
1048 1035
266 444
335 1112
701 1194
1189 1174
963 447
154 464
1000 561
163 820
360 346
710 805
355 748
111 914
188 775
872 550
702 1142
807 967
315 365
30 1015
287 1218
140 1250
394 294
442 616
77 1098
658 436
172 590
463 526
66 1067
169 747
1065 263
26 495
134 55
684 942
419 713
1179 1200
1153 48
401 275
835 65
114 911
1162 771
569 63
90 1031
1082 649
49 473
125 1113
1230 644
336 586
1192 242
256 834
954 163
762 836
210 1162
333 267
1226 940
1177 1116
934 968
401 246
1221 706
894 1270
401 241
1111 359
107 670
944 28
911 422
861 1088
585 351
652 17
735 207
284 1183
370 683
250 32
380 1145
771 823
579 887
821 979
1128 1155
561 1234
553 727
1261 192
1149 73
8 462
917 1153
972 380
583 1255
291 175
667 541
206 269
414 199
1091 215
1085 1135
416 941
1018 976
127 299
926 610
984 803
683 215
1264 328
590 187
1202 1172
171 715
75 60
478 774
822 891
972 1135
328 9
998 1238
172 744
165 298
265 1090
131 472
621 36
686 1107
857 498
23 787
893 193
231 190
746 708
964 296
822 1158
159 372
1166 380
338 561
346 503
858 1105
321 211
305 942
246 213
777 1103
710 799
1112 331
214 565
1015 959
496 707
477 540
1087 1130
911 205
732 472
765 1077
974 845
910 517
279 437
187 524
649 187
849 582
208 1184
135 916
477 1149
1097 195
1078 303
734 117
655 868
321 115
68 308
414 1041
375 53
780 653
489 967
1177 361
376 1248
942 1077
1160 299
721 860
177 547
1054 477
849 517
593 726
113 136
63 674
443 476
937 818
528 445
693 240
634 1092
1094 1009
1069 1258
815 180
285 264
1039 955
33 822
161 104
561 1247
829 1167
112 891
569 1048
96 234
1088 1117
678 510
579 41
330 895
272 621
881 309
801 389
1067 568
566 1099
612 1220
1203 1172
1196 1254
1067 530
874 858
306 192
1091 123
531 992
1126 333
1032 184
1227 526
805 60
835 828
942 1124
618 236
951 1230
185 882
353 109
865 643
1132 961
723 166
375 543
782 128
263 636
460 517
820 910
265 847
192 322
897 1133
174 243
97 1125
695 775
1229 271
883 45
136 1237
228 858
132 602
623 913
1224 885
278 412
624 320
544 889
389 1229
1210 14
1090 113
750 410
460 174
1184 417
938 19
956 1073
1255 1183
1153 115
1008 505
251 960
118 1022
100 1236
70 1138
76 952
1095 508
188 137
620 937
546 302
333 458
1213 1270
970 897
294 954
808 176
291 544
680 541
232 20
291 826
1255 854
1186 553
534 1009
1061 1215
368 903
881 913
1205 436
594 1146
929 292
771 1222
1245 801
620 265
74 28
28 799
542 319
353 1019
395 267
301 152
499 90
95 866
992 198
1002 925
634 324
799 291
1109 792
735 306
322 84
570 889
111 1091
416 1146
632 769
894 1027
258 1194
401 1250
12 495
68 1003
1187 1069
1151 549
615 1172
62 946
693 796
1251 237
879 1043
1125 213
863 269
87 223
260 980
472 1012
902 872
990 136
590 1057
362 505
77 241
276 1185
141 337
860 56
1132 839
786 1234
611 639
175 696
131 755
918 884
464 613
624 588
213 837
724 25
1116 308
529 416
548 804
329 1182
363 1188
461 718
1250 1246
680 589
1108 77
13 461
831 153
73 517
765 1191
328 201
1250 274
225 1094
581 1248
238 351
3 1061
261 366
977 1215
1083 955
1190 985
766 249
1061 1
709 1114
648 4
854 635
417 404
58 395
677 283
712 480
753 172
830 755
1232 313
1120 161
257 931
1115 175
644 1104
917 927
1104 354
770 974
851 846
338 491
1249 395
885 1148
1171 819
356 652
991 1185
136 174
720 1255
334 976
138 672
1150 4
504 18
931 830
865 923
533 445
991 870
935 968
487 1042
844 387
1084 422
1038 26
829 396
199 277
874 533
1253 1011
427 354
237 930
372 1167
488 1236
41 243
903 1031
335 1060
1221 822
831 16
431 1137
437 197
1162 1265
1087 583
271 689
338 746
922 764
1099 1158
422 199
1054 133
658 317
375 289
571 710
78 520
754 131
536 1184
1267 195
603 380
189 418
962 953
329 29
427 1250
15 254
1137 437
947 142
1063 827
458 660
1115 251
592 415
771 74
1039 529
1257 257
723 1083
636 134
723 821
1086 1052
72 735
1030 86
212 895
1016 381
1036 807
1207 717
690 273
967 10
688 960
84 949
217 563
1206 163
868 570
296 320
613 605
100 684
68 1129
1264 279
753 1008
659 1011
1038 1088
90 646
959 1271
334 265
948 1045
51 882
1207 918
675 725
1237 510
58 65
1194 620
417 1186
898 392
145 780
131 1182
596 1081
860 1179
455 548
1178 11
35 78
1055 85
959 990
1003 856
444 968
95 995
256 511
343 672
919 464
1243 416
197 1061
719 279
192 1173
49 98
1184 84
175 190
168 357
1180 1170
435 846
90 529
569 839
262 912
239 1180
104 524
195 569
162 885
852 881
1163 1043
5 1212
364 411
518 1032
601 685
611 1003
1078 1046
577 390
797 368
1228 282
502 195
190 1099
1212 878
890 596
491 471
205 383
736 210
817 322
620 63
83 1220
1241 1187
174 270
961 750
659 981
341 615
1262 842
32 674
1164 466
281 782
1062 771
1252 1266
376 1211
698 1192
261 47
477 343
489 941
259 663
1210 442
635 1092
645 198
435 635
1040 961
532 155
155 812
936 1216
805 140
434 1181
79 1131
324 339
400 24
1176 112
964 657
1268 125
