100
2481 3566
652 1325
8911 8922
1006 1748
8583 8749
4493 4794
9851 9873
8492 8679
7234 7646
3401 3999
7232 7685
2164 3457
4934 5484
6066 6493
3919 4653
7552 7773
6644 6798
4758 5235
8383 8448
3149 3321
6285 6845
7602 7736
3715 4119
5730 5773
4000 4103
2746 3818
3264 3563
9790 9799
6893 7243
7697 7739
5039 5558
7210 7333
2506 3324
3588 3677
6786 6889
4204 5099
728 2140
5557 5725
4250 4495
1741 2932
6769 6945
2183 3110
2098 2951
933 1466
4179 4964
9800 9806
6580 7083
7251 7485
8032 8214
6325 6361
3925 4562
4239 4874
8685 8820
5445 6058
7434 7646
7534 7919
1670 2422
585 1723
8040 8333
9108 9139
2850 2940
4139 4791
4972 5113
1219 2333
4930 5738
4171 4468
4423 4822
9857 9868
4557 4837
6041 6190
2485 3287
2543 3270
9643 9701
624 1371
7348 7786
2604 2812
7693 7879
5979 6068
4482 5110
2018 3275
1091 2044
4616 5003
950 1217
1325 1844
9772 9787
3847 3930
3643 4391
9113 9177
5867 6009
7319 7332
8522 8639
9764 9777
3015 3078
8878 8945
5642 5712
9610 9611
3435 4309
4949 5608
5048 5100
6241 6798
