1000
3648784
8211392
18403762
11864325
8664571
6435451
13840293
9622946
12418889
10558130
12803126
2322023
790090
18686449
5148480
16131426
5131022
7746089
15837896
14998641
1302886
13086523
5277093
20018058
12890106
1081932
7564091
16081063
528364
941329
10562211
19208867
3974016
3576844
10862768
12638586
4833591
19524356
17082828
17252479
9872061
4496825
19574501
5483446
18004569
19544277
1404447
17956886
1901237
17242342
12745102
18235842
10118440
12843491
18043476
2798121
13925422
218438
13700480
9275081
16191486
19083986
8273524
14986797
2450405
19136291
2236255
7283995
18450222
19319082
19357770
2933154
18637202
13543142
8416599
16431346
12876994
4642341
14177808
9599526
1674259
1533781
7624944
6613994
9198567
279291
4233411
2913565
497728
17933890
7009941
11510509
16807451
15283464
6286881
14079151
9030626
8523135
16184442
2091719
2453088
15331787
5024872
879865
3485800
8262766
12132507
11184090
12905107
6099890
573191
9400661
2454966
8198134
16014654
11653533
3298720
37640
9388393
18828167
12792825
16398333
10128251
4211147
6292669
16415132
18290298
15323294
19759562
14264315
17415013
17033946
4206973
17261180
17913810
7692772
134818
9835892
13698157
7861220
10757077
14271348
17261880
13212043
17290777
7887405
19686871
379073
2746341
8864839
19207239
15539165
20084467
3946362
19750312
6166711
15182789
12651481
1279581
14731926
1526667
13515889
11555447
5733639
5387940
4080129
8247706
5522757
8737316
16767159
13383976
19494393
10828082
5256727
7317307
2729730
13144132
6793753
18140522
15890472
10479887
11958633
6040508
5175225
15904994
401691
11341936
10877358
13053171
7442812
220155
14579837
15779996
6596898
15134771
15989231
10677026
18203773
1301564
14235637
14760507
9506835
13519605
199460
9584858
15658207
2929189
2518565
17273255
859287
13230332
7542717
12817919
14092135
7539238
3333784
14493826
13702469
14211141
7336572
15966576
9252591
16737705
11536147
15849488
6483347
2136249
1137385
19508415
3437812
15373022
14058497
7765943
3503498
14257956
17350800
19161705
12008441
14690660
16224535
7689023
2531863
18588548
15328237
16623997
5917361
18662020
10907398
19619829
7484032
13065266
10197276
16736622
4413842
1522998
12375686
5718484
18690966
13513070
5016475
16950074
3496963
19074971
4505592
7000461
7943799
16677687
773037
14773535
5979218
16997571
2252133
3332376
15375694
12401665
14777668
16114350
10853260
295938
15523754
18337291
13361203
5510605
14863488
12596340
1854898
1850045
18314823
15367160
10184411
3120873
12106809
13681373
17017140
16612400
15503129
4750514
7900958
16276165
14345344
8701471
13063312
16597476
12033846
3049877
8788716
6601089
19164227
14463271
6897026
9298852
12590137
15079524
9630753
2064496
2286735
6306946
3914541
391134
1463681
14098951
18543726
13570489
7569899
15350441
4793760
17894324
14922250
7516013
13960064
9057169
16217483
6812951
265516
2862200
4684124
3875527
4284585
3637926
18338797
6002906
12936777
5539805
15903726
17388825
7604301
18190460
3485347
11518841
13402889
4949027
228663
11736191
13340812
2619857
1697503
18134571
303756
16619753
5440160
14263820
287793
16478938
15898066
553309
19341138
371765
19460555
18447018
19041410
17588928
4239499
11767763
2918308
20143224
8946163
5343904
12944556
7252805
11684040
6137020
12201832
11912702
12694506
153515
14532559
14392009
18288085
9657610
5622633
18549540
3711005
5910425
14818054
14430367
1285029
13948767
9623427
535160
7006656
8454413
12945383
11246154
11751
10684986
6000250
3779209
10850186
18944805
5853310
2323801
19903120
18055141
9057799
12387202
18208655
18411653
1390082
11107611
7858838
7012714
9446727
6391139
7744434
4054356
15642801
3850759
12824418
5055803
19417638
19831073
13510215
6973892
5688098
8343261
12480173
11688347
12122470
3119934
5244023
17975779
5443735
4936719
10641791
9322829
17323920
3461317
7524057
13535297
9390223
10204190
15369306
18836949
16595328
17935035
17712600
12027704
16607089
5147889
11904803
15814302
19800257
5204593
17609489
5277931
13547854
9879238
11787573
281195
12999171
17031596
13078269
13264201
1757890
18541355
2376605
13903105
16823967
4721957
7227977
6003765
14926147
17418578
19662010
6132346
15143188
11985481
12981346
11539853
17133370
4675724
1965026
16723202
9880316
19574515
1790708
3217745
9243328
13578281
18530659
17063794
5220748
11398503
4938867
6978637
9729433
2136767
15703037
6342975
6858724
2720589
7168036
16606166
20139166
6619621
2528087
9893225
13426397
15509432
1222653
10349342
20185155
3187679
1683416
4676343
17583489
3474123
2715383
1437688
11873699
1035618
18501481
11915742
12434120
18261643
18894378
16984849
187986
14386990
18149119
1868005
11928874
5106730
18474170
6678911
6547646
15823552
16572136
19974043
5943856
12616084
4934256
739882
15803762
6617671
5416224
7998122
4913090
8131607
9435809
11608084
9167224
2548162
3313402
16422639
599380
17029075
13197063
15819085
11205641
11135758
17687089
17955810
11063783
10772130
4424297
12432725
1206554
15817728
7017639
7150409
8223387
6773190
7890290
18848445
13390861
13306514
6636142
13125246
16259416
10893247
4522905
5216215
13441408
7836306
1428429
14040787
19686677
9446788
9649448
10681893
15403841
1947408
3248574
1078495
7540834
2494166
13511219
8747387
18311893
15350153
10719091
1146152
1912919
13430676
14815892
10125075
1348061
1241609
3039896
17607476
12134855
2384096
2613266
187134
5041698
19073415
14227921
4517950
8309778
18698664
10021138
18534914
435647
13269711
19613408
2797776
15763877
7735499
11545162
8686641
17906947
17085548
9832792
19819865
10305800
4438259
4555811
11653860
501164
2417002
9050912
7457314
4801098
6485473
7644448
9842795
5348463
16693664
9182040
8479536
15181903
19203177
6804025
10438845
12262463
1028305
13236621
2637211
8763803
19603078
11323852
6460325
16478202
15977939
891062
6573577
15237494
268168
18227436
15738657
2685170
7067923
18017266
7486267
13553396
5451289
12150357
13723154
1934528
1121972
17023986
11937726
15146444
18649306
2166147
2019778
19677610
15402767
4656989
3052284
14795420
10802136
9512609
11063197
6569650
5224966
12458069
1596719
5493133
10475081
12156671
8178302
17543003
9963513
10485864
5707270
10236097
17457516
14251720
12170625
13400783
11065281
18929646
8336802
9504162
885368
5177876
8971348
11109430
9834864
6844927
515722
15458295
16357535
6400214
16849240
1372076
18858283
13267255
1686505
9122939
34797
4686102
1276813
9998309
15171966
1805379
23982
7240353
16057098
7015902
430712
6911954
556419
3588809
11237411
1441787
8766684
15030054
7372512
13422843
1664557
7888233
3492009
12843387
14288447
130825
9036759
12936305
8219375
10723263
1848819
8254171
15409364
18157351
13073776
5192201
19962729
13097757
12432554
15809402
14934954
7684561
17542651
10312668
6094665
3390934
11754454
14861349
18420987
19126966
2895063
20085543
1626070
6387072
7539802
15914516
1339192
16576560
3461692
9558566
7089398
131806
12634032
17320057
18289157
5497383
2301834
12862757
13416435
9555683
8461735
2962260
12061539
615257
13274928
18156203
4006190
4818957
7628423
17248473
18767218
10523486
11944887
15214584
11731853
19484688
10918675
7892340
15850823
14380367
17450905
2729796
14512172
9874512
14871149
7412200
15371895
17172982
64533
3399201
1339536
3347563
6361461
13401074
3962819
19636388
6168148
2790305
19276640
13796571
14860073
17833434
19141352
6594535
7658889
5484076
5868799
18577563
13376415
1509197
7568801
5438191
19270713
16902269
10133998
13931437
4104044
5295468
5715290
19200296
3515965
1876121
2337434
9877425
15277194
1121549
9303388
1234917
3911853
8369603
9852783
18771925
813908
8783710
20187755
8472796
9089081
5846129
1661231
2255071
2176622
9230031
7693261
16268630
743171
17827259
4810938
4847215
17944022
10526227
3837086
1249562
12402347
995816
11126986
2290412
2117364
219949
18557048
850512
3410848
3020703
14443732
4224755
6625708
14421062
12697551
15714789
15088487
9180077
17969859
17265108
18410107
5452696
13323313
19153278
18101250
18134250
18821788
15834847
3271348
17480169
11905705
10494990
13297280
2822266
7606697
15414643
18073935
774616
16265154
16306078
3795318
5319757
320408
10421026
19740819
7839254
5925390
14618881
17019330
3684824
6494860
10040309
3958815
14639468
3804458
16881360
7384589
17447541
7327079
5477232
9538581
19232783
15972221
2625437
16876344
3368493
18040079
9561150
4143108
8916105
5656803
2759722
14235861
798507
13180747
8587551
8637760
19106136
18027727
267962
17612255
4312162
10308270
16392366
13772925
8934023
7884597
947089
6171139
15211675
6424320
15709719
14234033
17217836
13156451
5721249
