5217
8863972
4181075
6117151
7939043
11962386
984170
4232504
9748625
7209150
6220663
4752430
11198579
6482009
12871615
15561430
1239106
8376114
2392871
9311195
4302640
15587073
13575970
5229640
7450139
16182577
2535349
13015657
5393775
9621858
12067239
18756633
18485830
16248313
4663359
1035744
2821570
5647528
5268247
12570194
7677974
6310205
12143920
13697848
12792214
4805110
9048854
8852615
8002519
6263020
18163809
12305158
16671389
11529354
12356093
3911103
2322802
9712737
11748055
2537872
19334594
3604870
16115800
12431295
14674478
568734
13467038
17496048
6216262
13556580
9855817
8715531
19866785
1789312
2202954
12448574
1415717
11251807
1090764
9418235
12336123
14075868
16544688
8797087
216093
8690356
12708189
2538894
13224388
19277540
20108486
12348558
17703705
16013861
19601148
12167758
11403891
12857762
9453381
12441448
6203917
14130494
946554
681573
10741101
18181227
13130146
12156818
4043906
14220909
16396348
16380028
2907648
12730612
4966690
3123740
16242263
12496174
483930
4077523
11563289
381991
11247376
9056569
11217147
10638099
16045623
2410613
18317156
5288579
14852060
19342369
14240368
10619909
20023941
4771045
8590712
12943663
11749158
12634617
1775443
7935081
8804220
4683091
15486988
13770909
7806830
6340123
6056658
3112055
10417645
12441243
18525765
1454596
1287387
9532488
6913990
17333009
6764396
5020722
17442884
16437752
4152666
6294123
6847236
3966182
11065167
10259243
11731140
2603900
2683435
13506583
5360277
6308950
18189673
15668560
14901154
607374
1798258
747388
3719429
7037198
8009926
17066489
3313089
9297312
6388552
10227079
1241193
7974244
15247800
13505372
4201571
14221761
19799494
5870102
18187942
5475533
10950641
9708658
8079432
8455371
18036536
8261004
14764321
10837080
3719140
9455050
6265749
5517397
5023733
4806473
7375891
13033658
1662538
10688979
17152266
8051089
705633
13214754
10846628
10774728
1330997
9869494
4786064
920066
10560892
17795302
1216894
1301108
2114831
9296326
9756478
20151366
17557329
4310374
5599317
1066044
8586720
11865065
1404737
13610452
16671538
8780627
6433686
18334075
19469605
18407247
996035
14996534
11411576
11842663
5560837
12742572
1501732
5168197
8483933
6883919
2753074
9700827
8185026
19899624
18997152
17941504
14661861
11165352
17073173
50753
7052692
270764
11915817
3278724
13881216
8376930
6880646
15136197
1321876
961122
13333019
2317911
15957655
4534170
8981869
16339788
12098037
5304896
1297560
371545
12188815
19082353
10072371
163416
13592848
3680394
12926215
8044284
9667042
4610260
8095036
11541029
4881023
20010852
14819752
13583534
2998654
1489973
3330602
4320529
17482814
16663620
1459735
13230045
16019085
10441603
4180704
7906697
10567795
299559
3099538
2546185
19381911
13171908
17741320
12764334
11673598
5278407
15629913
1130215
9888666
3514524
12671243
9590984
18346671
2101866
17995814
16166620
3591838
1115991
276725
864227
12600907
16768179
8915567
3230863
1820654
13096270
5958856
12388448
8217124
9058393
9755928
2209906
17051596
7286823
9795535
8514769
7386525
5215023
4466279
17275190
8729546
17137521
1477046
1687089
19239386
19472859
17853708
17652519
15410145
12951728
13338042
7800627
9509483
17074904
11031490
6151432
4782046
11811641
13361175
12999169
659609
2906678
15209075
17711204
5014796
4794185
836845
12401321
10009208
5303123
4287382
13560049
17261940
5764427
15247137
11112197
20058581
12890421
3375588
10079598
5631724
16713629
12701520
9962502
13578108
18554305
16113933
18360153
10155521
9264683
5970194
10815129
6992656
968844
3137205
6828748
5763028
19005769
19230068
10593531
4098467
3307025
3943156
16181702
3892748
19190292
7083475
18772624
6691584
10459062
3463093
12323308
1783562
16164613
2075385
15361669
14508493
13010614
8332694
19485310
17096592
9124183
10090014
18910544
10093026
8048514
5528867
10677349
6843858
4548510
1060456
5763621
2676830
5003611
1734898
1390873
19015198
3639668
14984793
5496358
14098729
18447885
12640961
15882290
9223369
14716345
5854831
18553158
2337830
9008820
17828043
19434422
18133002
2528928
18134541
2836899
10577442
3452983
13514247
12242595
2822788
9395998
18006215
320913
9220904
14562409
16743506
2846974
18202076
11517874
8343331
6911677
4576630
773867
17615262
13799999
10311507
18291388
12142732
7470633
1911079
4581646
6694630
20044080
7110573
19650466
17702274
12509310
17924744
5827393
4541481
15568827
10044686
17368991
15889739
19265590
11720975
12422820
1902139
4533923
18761989
5066765
6266895
3128195
661927
3671732
11749489
10973433
1752696
18713516
18444065
3663774
3084737
19959990
18529150
5016605
14221327
10842295
17525915
6756942
16669687
1856971
2115344
6503949
14047257
12826379
380410
379104
20070494
2282548
4913026
13443355
2170608
11179920
11392845
2832534
9672947
2931909
13805966
6246938
16466720
6860903
9910712
19551456
1431764
3050733
19389356
15653091
13893027
16704846
17231328
5173586
13383112
14167968
11677534
7219945
1605218
12057943
2420344
16497007
9161786
2154665
9729937
11332393
13334584
912357
14164926
17828826
18875985
2581763
3865340
15132280
4263961
8597347
9294607
5695725
11648079
8473539
16170111
5330681
19999680
8012310
10504266
13172368
1969853
17003095
15213608
3575070
3671909
17633951
20072077
7654990
19788615
4412885
18987382
7734070
5325242
7763179
173767
19022522
5166238
4039106
13944378
9430198
12636452
18060280
9947218
4074106
6323394
728200
4226083
933946
8740510
9551644
8927609
10710362
1165611
3930792
9106728
4837519
16386038
3789676
12492509
10785524
8202560
6090762
13340889
8349097
13853941
13514655
7161195
13841474
17553761
15926868
18092967
4801084
13776723
7829761
3696486
14921413
3379256
2743864
15855358
12119765
12295507
4572542
17651423
13461117
3324629
6547726
18298636
14531962
5158697
5402016
5107061
13361256
11492777
18447949
16531649
20168013
11752179
18514139
13799062
3916811
14230582
6502901
3539191
2618176
9153957
7235676
12360884
12533212
9979539
2827113
4442553
2064621
2220950
1883551
10347034
5545578
3252572
3256541
20077539
3232564
8658556
20005895
11415115
14972628
18243419
7736339
14930217
4606470
6040053
3340150
3344576
15091930
9843050
6883766
17710106
18997006
8940737
4681861
6141090
18920275
7508974
10583642
15806192
9729923
7288488
5942801
15275501
5362355
4020637
9963911
8594918
7500488
9759382
20010032
2262691
2613672
2357243
12014203
2041437
3218591
15354353
207309
18310521
20018698
1912370
10631498
13626576
10853107
15313358
19767665
4384253
2611907
4962178
20190444
12341830
7071961
744116
2228202
7255611
4764752
7013408
15850528
12265239
16772789
10471431
9349226
14207757
7649969
1153004
11070489
10868560
16507356
6099093
3789952
11136926
8011463
14421449
19584797
18864569
4345678
19142037
18070117
6957585
18925510
18050137
14120710
5787046
13615548
11170207
13042656
18380300
18183614
3504055
5256410
9567275
8796781
14605635
18596327
16446750
10579935
9456391
7104885
6876866
10376780
5716132
12835087
18388242
20137580
12209459
11863682
4272833
5962367
9723374
6051713
19709172
2384382
14993718
107089
15999930
5953500
7971040
14169805
18958410
11475094
14247510
3136556
15093171
3464017
1522458
6150792
14043951
5800144
8076972
15742112
16176923
13793103
8366775
9176036
13720258
15397529
829293
12814386
16181192
5373963
13687395
15679939
7758344
8470688
15787028
3547849
9245484
3547643
12538949
2814765
9844033
6576035
5951320
19758499
4861347
7473777
5698866
18905297
8095216
13775837
14436984
4061715
7358515
17625054
13237750
15900068
7633455
8888339
8504029
3604222
14262301
17012719
19284160
1810220
94279
9682059
179365
9339762
13229702
12718313
6975822
17895030
14115643
12927141
17443104
18976989
15222213
2931545
17671861
3107004
11528677
6719717
1990014
18887191
19166066
10049060
9398130
6589096
13758694
17902158
10193317
7810570
14704453
4088349
4442085
9620027
13770407
4621449
18959788
1610980
12161058
546481
14327305
6066276
13473621
11559984
4832841
3306705
9312824
2294277
1235004
15662796
3835289
3225018
14339562
2790931
8095373
3527267
4201322
1643642
16250721
9215935
4275507
5566045
13304283
3538887
15186071
1685561
8160336
8756730
18328261
15142689
4124506
12445141
998540
17598126
18826421
5831380
15726126
2750116
2946953
16961129
18412912
6782241
15007442
7363345
4394467
2892390
5711908
8595789
19567751
16783924
12633019
3632833
17171264
5726877
7171720
12146910
2233733
10153351
15724935
351569
5085615
19849440
12796710
905450
12058437
6234002
6736830
2395434
8984117
4505078
19356562
7186604
6108614
8974876
9371245
10503081
6688561
15083152
13920165
6045888
6477947
6342759
4500016
3438786
6890931
6493031
10406991
9124663
16646381
5921501
9476232
16553291
381812
17094237
17458741
7261544
3117814
19016866
9656977
12101930
3311519
3624410
14109830
9420132
12599285
3270650
14744508
19287846
13175097
3275544
5123309
19653043
4439598
4444620
2881404
11330528
10937651
13288394
15276487
2194903
14031190
19574014
13569490
9234297
16457826
5639102
16495840
14396935
4445543
763688
6288440
2578357
4388097
15219565
6819784
16987382
13311510
1353868
16064803
6276182
19661131
16009407
540096
3890305
243602
18453219
10042128
6002548
11531188
20139910
8197451
173249
19503499
1556516
9407545
10572196
7195617
514256
4758706
6462455
1277943
5868442
9040811
487336
877582
15860594
17474717
9010388
12035757
8150391
15286569
11486464
18981093
10647961
10198064
14045990
8890755
15061487
20048538
211519
14990973
8035564
15416487
9105343
4413375
19645328
19677539
6430287
20159583
4225820
12892741
16258822
4915557
16754847
16746157
5793139
12405016
8831745
14803526
19262069
16982135
4700966
5359404
10574099
15348926
15557467
4409664
19060977
5229825
4247777
14093791
15042093
7104636
9299853
3937012
6339306
3556052
3404126
12769592
3505211
2451241
273204
14585328
7366798
17028050
5942356
7981232
9222642
9595396
17606053
3095582
1188402
17128314
8454985
11762500
7088112
18833747
16172163
5938664
3853147
15241236
20032454
18895240
2135447
3943178
17653547
8474753
7499230
15878968
16065640
5825736
13151504
16338844
15232359
15339597
13156469
964290
18142124
17200406
10559685
10359048
85563
11748086
7276938
8540547
18331881
9186345
7163869
14293619
9946304
5838312
9324430
4589629
19554847
6281173
8532806
11819265
9577221
10853331
7487808
253732
16679066
428887
16592575
11701000
10589780
9538620
7486585
8521479
1349897
12867565
18880527
1435460
19436946
768336
4797302
17558402
9954680
6782467
6462893
19900983
7442074
10608618
19311907
6786496
11711086
7634288
13427056
16109602
18487619
704439
16363334
9777556
16165045
12745484
16299852
6544400
17105399
18607732
15065879
18455296
6086169
8557277
14712051
5312690
9325612
19509352
17692388
19280291
902690
18976576
13792145
8344763
4196065
12893627
9952554
15907151
15349210
3169185
11806328
8447700
3873623
7959237
13046552
14859964
15526017
9135979
16225659
12420991
2354582
11081113
5487158
8440750
19638389
20199208
8574736
3574872
14319432
6056699
2644738
15222121
19854570
11258178
18388180
3840210
18973100
8130309
14568656
8933182
11299494
985856
17380881
9994412
8945092
5038304
4643951
19292404
8995578
15690906
11502971
11350160
6561594
11811424
19790909
810855
11800208
8155220
19417446
730511
9033214
16883480
15952631
3498655
7931233
14130386
7338865
1515205
17081991
16728816
10448386
8171060
17714671
2440138
12986767
1270635
2299738
12452014
352614
11295315
7932495
11855584
2435050
9315384
3456584
17047255
4947534
10078087
20023770
4154556
10808597
3667856
827611
1372099
7166510
3580139
10323781
9326670
5095343
7195347
5845062
10365024
10187702
3349308
7626458
17995764
4619942
9926195
10237353
4972556
1011085
18169847
11649435
3446135
7274807
9927314
15314685
7043636
14826696
15128030
11198191
246164
18795885
12025801
1618263
5751971
15605940
6763339
15078640
15522578
8779981
15744997
5677178
13788978
19094305
13303635
11574317
18535542
3019405
1601246
18329393
19062209
14592388
9768404
2297919
16688490
14517013
12433899
3521702
9133285
7351505
14719892
9379448
5936965
1356565
5819006
6510231
11783800
12582344
16410167
1917249
16183620
11944739
7594426
9762173
5649915
15719356
1126066
19006753
13560056
17759031
17125721
12411841
12140994
1504996
9531055
8619060
16022009
1754530
6962057
19976589
3927330
16503244
9145612
4685590
17859808
9785914
11195821
4254479
17189553
2216859
6171728
13162749
8982893
8587449
17746217
9454104
4096381
13693578
8250432
12477732
11242184
5165728
19710868
18204474
6670724
9031499
1434405
17514028
5607324
8396461
17280192
9534653
4689280
6215379
14220242
17370384
10822588
26934
1414438
7801717
2243792
2407461
754041
6047981
10994910
18500257
15502084
9912586
11983411
3542091
2179893
18046890
3529114
1680337
16040939
5021133
5533131
17475343
2324736
11140454
482675
19604927
15496402
20203675
431178
9506219
17363634
11253765
4354449
13599367
19055481
1419536
16006828
14630817
7467516
6791313
7741946
17790895
16703898
19725356
16154281
18883790
12383117
19683395
15385422
8213632
4494103
708128
299846
1640135
6669877
15814241
1034637
1955854
15807491
16497534
6283369
12960700
2362171
5459113
1170938
16238947
6878648
17177765
10659340
9167460
3758653
18401285
6747930
15283846
12737512
2691787
8778508
4910204
17196477
3953505
7945131
16511875
19693353
3066273
18152009
6152805
18880513
19186646
2929955
9298875
10295051
9213323
17080870
12657221
14672435
18251807
3507040
16372378
15219148
14166379
5329413
13799096
7178535
6898639
3693814
14737342
4411721
12472321
14468841
1397773
11247121
2203548
17909647
10730049
91116
15851232
16882854
13792924
9648749
14634104
2881374
14765095
3637002
19962243
2033188
13130732
12824921
5540227
9292685
7833644
14527901
9443394
16454036
16527731
16342032
20147849
11054648
543328
7231041
5313064
16972820
18478161
2337907
9493338
8997786
2429022
20165865
491511
16221945
9604189
9946910
13924614
4158860
13583911
13676432
1013343
1325514
6290929
6553569
10618198
8945868
15902765
14882887
10775
12220071
11014494
14979919
3064294
6379117
2000535
3198653
18173232
15299992
5536560
7456146
19119073
2786877
7411586
14431879
13830118
11837071
4168364
7544307
10817226
12573570
16042035
11830568
13899083
17154259
13205432
19338576
710998
8897772
14011039
721773
907418
19846828
10522987
19003431
836817
7344818
17023379
19010048
2434385
17381234
6255769
16374753
20168111
8488651
10596207
13787804
115297
9585866
16153406
10932522
1949011
11985016
17584385
10669389
3750146
10579392
9797540
4461144
14298459
18629874
4212
10027172
18266278
10527198
8820178
19103094
17872015
454428
12724013
15127695
17835662
18979782
11292023
12614644
2079304
16709525
6192023
2194600
6084966
17166724
7948417
8033976
3762612
143673
13524660
7512757
10723064
3111776
6795196
19842818
16562945
6799407
9659565
14618798
12147901
13301038
8332763
9809491
13755465
846352
19758482
11380702
14647429
10840080
3784921
11548028
2160477
4798239
13742627
8245442
16786259
16512339
11100714
338446
11477307
4414949
2672498
17021666
2348020
9467694
16654059
18910965
11088396
6103199
8140634
3025872
19404236
16473397
7656659
7770572
12141044
2026012
19151274
1399344
12866091
17757490
12947371
9847863
17377025
1300869
18093305
13952859
12634503
8983594
14291304
3901385
13398542
11785097
712626
15746562
16074086
17366684
9268398
6952058
18291178
17409031
4799225
17484989
13672003
12455883
5045136
423918
14481894
19017705
1823261
1958857
11386067
14770631
11806719
8552667
10892795
4510895
2295101
3316873
13494488
11407700
7218257
1503902
2982372
2752178
12071759
19056458
20118861
1129732
619387
13020910
18538762
5418611
5116770
6821637
12695790
4983202
2066850
1788555
3790482
3890111
3747411
15176548
13482037
10375426
18550510
4164408
9707616
635186
2302576
2991680
12042885
9520833
19527301
9846553
7094306
6209931
3513882
1824039
2160958
4133268
14844948
15521015
4373174
19961718
17163947
17068963
4734495
19230797
18857518
3346272
2910483
17426224
13344116
11213815
2412521
11684201
10199518
12120137
12319387
12502094
9933112
19183567
16844222
4071284
3640991
3728103
5102510
7154872
5552141
7263467
6109435
186665
17605777
5303905
14969678
14559300
2162443
19704172
13579672
15841256
17871739
11311450
7878352
11005430
2314840
5112168
2479207
12514358
17232304
9619889
19837747
1776287
8593031
16471544
668866
7055318
15020942
5771375
14210189
362659
13034841
15140920
15581043
5251490
234400
5161592
19810789
17428562
4655339
13180036
7880690
2316653
19312781
10580337
8143379
1417196
15692504
10622585
8752849
7535680
32049
8380171
4133262
3446375
19673010
4802128
10501692
14483528
10573502
19533177
9667482
18429639
14463672
20069820
3470704
9519367
5020987
3071068
1558800
4497621
11072399
9439489
1635569
10174755
14841121
9778947
6413246
10323201
15222827
9987391
12680176
10076171
13188857
16813437
13522546
12651443
16436860
18845533
1745842
6799938
18168285
6234619
20050872
7242828
915310
18342871
11583490
5936296
16235234
13142290
5255212
1918504
17403074
6890780
12093258
12033771
11491023
13327799
17178267
1324721
3104765
9648018
11400892
16293622
1072326
19744733
8734640
17509186
18379841
5301777
19130419
11158998
6357691
13792162
13223121
7273000
11924608
4596187
8030591
7949417
17738476
13285802
9867920
14931125
14997877
16782473
1575767
6278475
9899847
18754033
2424492
13004612
8191626
13825383
9087809
4085248
13359691
12643744
1384009
6350403
12766816
15335723
17509400
19124506
8917460
5343393
6187081
15663363
9939579
14217671
18434075
2288926
2114344
8091570
12041346
17112220
19695338
13617113
18211991
4206056
12160721
426058
12031963
15173643
14251440
909347
19258890
2222002
8374386
15464194
8572404
15962497
10589492
692676
14876578
14328247
6036068
15884954
9781185
10796942
4713496
8004835
13085867
6827839
10917700
4916788
3729635
10402613
13355196
16762921
9429964
126789
17188978
1251503
10121727
6051289
17192569
9170192
8273290
177827
19455681
11666989
16140323
4656044
7180960
10806477
18984290
8038323
1302302
8555050
18835264
6015798
11381180
6532002
12843636
2088455
6270086
11394566
7312363
19625281
7947062
16742326
14573365
4925615
17993828
4484667
5798199
14975973
8476154
14071488
15153799
7721410
349349
5904993
12377453
2351604
16711469
11151318
10389927
12835067
14527663
3836062
18850864
5698418
10368064
6305371
7786872
16638149
17699937
9920530
10874301
257870
6452432
58538
4781
19267555
4543204
5802979
8854399
13019358
14695763
18829493
530343
15045111
4524062
7729092
17396714
16056826
18880409
2397512
8681468
8018944
6233574
7321907
13717361
16601637
13627278
16325529
7850657
5938086
6035634
13546253
6195955
7309361
13604790
6200735
6366492
18147994
6825010
15220890
5778223
1310348
8661255
6308565
11176754
13185316
8858952
8363043
9031717
2350233
10760555
17713185
10369176
11815424
19856387
18907832
8206636
8094536
15022936
10878588
8853917
15879866
4214416
15049872
2978802
17819206
16071902
4166589
10578071
2686487
14208775
16356293
3996834
2659605
2454433
15173587
15844920
6134681
18357926
19697932
8484913
3729352
12021988
18854088
15544775
11667951
17551495
18572706
14583782
7185303
9240869
3227275
2854744
13455284
13098442
654841
5885361
8959919
19853150
16463431
6467702
13851500
12609299
10464535
16511104
9885028
248994
6966895
16019708
13428215
6454402
4294196
17157566
18476390
2937859
7313212
4755212
15310649
5675493
19338993
2285527
14916361
17387563
20171990
2982516
10275580
15648127
3689173
14056795
15290852
20152603
314072
8931927
7372774
5599902
53902
17257801
5848895
1842092
7888380
19277109
3117789
12182575
11045546
16415474
9941729
18358757
960261
20073673
3823825
15120550
17180496
13561481
12297688
17142061
11365293
17394564
7401059
15054465
11240934
2481486
9817939
11555005
6234708
17190712
17154906
1109905
14238088
17825097
2951996
16947763
11713077
6069785
8919913
2548199
2274834
13682937
15728251
18266815
8367482
14373372
7998236
5337553
2545724
15117219
17300909
13911016
12301358
4491544
3576352
3331867
6973029
13394291
9708167
13207737
10374578
1473945
9138937
19433962
19299041
12090933
16171300
10801693
12982013
19912509
8171187
10078142
8206317
3689014
8134532
16573798
18062385
10954063
16732646
397684
5860858
13823131
9129996
18162215
18314674
12706347
16315378
20108998
5890213
634416
7927606
11086087
2108360
17066543
10309624
16228696
8947051
1091795
1641261
1718639
793879
9812447
6618076
3821492
8322756
14752608
184865
996012
5496246
16917511
16425416
6178399
5351513
5344987
4130190
3455762
12872629
15266863
3354335
13584138
15901278
6103237
4459800
12830934
2959355
9590719
8849205
6727701
10682513
5311761
8446339
6297688
15124208
15064414
10119179
18268259
4427893
5125339
19264271
4745435
16864145
15479262
10923833
2005233
15645544
9875318
282290
8307748
19963476
18668345
16713181
10475626
4561157
962556
3096135
7520511
5374570
6766635
14248211
10878379
12078396
17515845
17176066
1813475
7191130
1906116
14903029
6440319
1852750
13956875
11185753
18716895
4047008
16930881
15543423
14513847
1417071
15825713
17642891
1170122
14283633
14145647
11645747
18844789
9929499
9563177
976171
15304068
16329812
10045677
5972022
3019079
7351097
17969383
19864273
9363522
19875498
14556877
15803840
16549544
8303328
1600464
15056014
7171631
13352641
5210308
1475054
14769711
825596
13939240
15939832
9930524
7874462
7375155
3386184
17803960
11759627
4362354
7718900
7879014
14408030
8512217
5719388
16580422
6271176
5373236
5733520
757545
19930113
16358655
17307088
2844312
17959119
6973973
10015942
11101335
12184281
6312291
481917
7831172
41106
16421748
17761696
2736864
18618198
937455
15362119
10167401
121105
2870594
12867710
9350430
11382811
18587098
5720428
17653986
3749909
6275243
13232826
3469597
2423473
10329490
1135204
15203887
12124758
11151146
916093
4098614
12284732
1398009
6751082
7147134
12641053
4302353
9883997
5870122
61103
5035691
16037522
15213927
2727581
3516104
4353933
14110391
1892777
10074360
6375248
463981
11170898
14429369
18965298
13594370
4548434
20100501
3409129
11494488
11041222
4325221
10414397
18147250
544526
17165478
5083959
13185578
16289126
14967955
19055699
16350229
14824941
9704093
11353731
17552521
13220196
10528959
6273783
15112972
15424614
7470326
10398248
6385087
1689271
9153121
14800753
1059000
9043198
18209881
12553487
14905715
2324677
2757460
12842540
17900922
19922937
17926498
10876075
16001639
7505324
4542646
6962739
2119841
14246738
13137765
14493657
7256509
3456300
557016
17190776
13702209
2848637
7378599
20087296
4537907
11353016
9498920
5596907
185789
7498376
12971689
15091503
4644348
10550444
7723619
2334846
10262957
260988
8032216
875467
7766312
12574861
2659501
4707448
6611174
10618561
19201104
8688978
14074860
14579415
5669329
2387941
17428052
7869224
2264812
1755534
19222239
11763731
2173736
14229323
14083402
15145425
9110401
18727749
306740
11655315
15883890
5390992
6737599
3705682
6266458
14503910
16280542
3747254
14032653
17713012
14365815
13023332
1012861
3051546
7392323
6682190
5439486
4609950
9372709
2525593
1186779
3205819
9110619
18392235
17435141
18015316
8148531
1156413
16532641
8455270
7633024
7027402
13846262
14370622
5554379
14934015
8664107
16656217
18681269
2486335
14158804
7657955
10330962
15171664
10709500
12544580
16675149
10970282
11975825
658729
8317170
13162604
3864547
17427789
6165710
16120983
15232680
14314240
12098692
6376192
2559085
19731715
8224890
16405346
13891912
13779268
11128937
17377314
10225060
4421077
14684944
19205159
12079031
4805481
8987695
17609826
17350061
5452419
3190979
3936757
932444
11508149
11920656
19828710
3546809
18086365
10560565
13600784
12190180
2448832
19976976
14749265
1970122
2812737
10944186
15862033
16592004
16894418
13028922
1427936
16136790
7503441
422670
8005396
7130217
9410364
226094
19301573
9684079
3417072
3027906
5437818
14925220
9769857
5056103
18472028
7645798
15616667
11862388
19835977
18065498
6450235
14374817
14856915
4084267
20140299
10508523
465846
11645588
18358740
16925501
7571954
473052
17348171
10398645
2424565
1369406
10624738
1515713
5874780
14041810
19575338
11312597
3577901
9134771
11189996
16871225
16780568
1417534
3344484
11227416
14304328
4616014
213105
8950818
8700280
15174699
14280637
3987421
6609862
12428952
702498
9003111
7723300
12871964
19401756
10147864
9062665
4637365
6484872
14937445
13500470
5849786
860913
17078371
9805852
6872204
8560467
1197291
8289738
11904950
12424706
17415361
11342259
7459106
6155754
20042538
2423380
15257686
3819534
3854538
2297510
19553751
12857648
10020809
12215290
6870275
14989968
1067531
11507640
1264415
10826271
4797685
1935496
6508479
16697351
6562643
13380683
5047393
7759933
16491716
11773638
15005935
13696652
2905472
2254616
14673701
17769305
4677996
9720963
16410135
8532533
12018472
15753461
16211476
16860576
2579623
2871327
11640119
18678873
9200262
7725829
9294719
8819242
9661325
10624493
5306169
16223967
3794751
5174857
18805196
76042
16948495
13600706
8593989
14675262
15855321
3057266
12234143
15354612
12778228
8433853
3676720
19617995
19008609
14709492
11089442
16409527
12402114
2519136
14877975
1391951
10244964
18993989
10211192
14727584
9408058
15517360
5562423
13202808
481793
4157194
8100146
12251583
17757899
16694134
6716420
13402795
14572695
18950562
3368279
1961794
1995286
1866294
1369364
15825191
16575785
12458805
12024293
8767474
9799236
6691844
10159424
14865496
5475408
15191912
9382655
9704761
10498847
14945077
2697145
5801935
13923566
5618586
12874813
11471040
17134015
19591233
19695131
11496286
13152666
2852985
13458079
9969248
4719278
9648739
5584014
1084639
16928839
12429602
4673408
6517651
19121445
14832832
16204442
19418149
4635615
5376672
8912485
9955757
15143045
6430925
10578988
8856186
12049510
3243376
15148522
8973101
17655904
14633228
258962
10598146
12307508
8538336
15388689
17026785
18187074
762278
12932719
14905489
13191879
17606127
16244435
6924196
7049830
12238452
953216
11685444
12436419
9865700
16462496
2190335
11117921
6831059
11046521
2957006
10074435
805914
6751402
7519914
15439141
1831659
12939355
2357520
10369995
8117619
19384304
3167940
3701192
6927895
12894724
11714367
19355317
8928734
18638562
1016018
15988481
14413073
7522757
8214476
4068348
3774828
10404810
10007564
10605887
16272626
12964570
469897
11899835
14537267
2811106
1949847
16368926
15750461
4307366
6528496
3657655
18512966
4517731
2180143
5230436
17412455
13894509
19407048
6130764
12322646
212641
16940541
1346590
7735397
4944592
5414937
11510224
10170697
15422501
16937406
1054195
2997942
12228598
12954029
17535208
15039704
9725172
8515005
5401036
14032537
9864796
9058690
12335078
14382527
11238832
12386809
11584557
4922916
11583432
12536616
12066857
11796072
9266732
8234742
19531468
9032619
13649679
5652564
14024612
3683051
2379545
9900102
1502288
14608143
17675426
13858791
4258718
7190173
2163372
9659753
1012286
12028167
13539738
13347363
6200269
19599866
5523748
12606121
19344077
17107179
4932313
11200510
3514123
9020340
14256547
17866886
18052959
7695801
3309025
11867146
6200147
509866
1556823
2523730
9939304
14053544
11203817
14198021
1033293
13367188
18679069
2045578
6226
12008382
10214236
1027791
11397823
15737983
13633911
10531476
7456034
13387519
16553281
10970156
2197435
10599403
3447913
39969
13116500
6756938
6728410
14137942
7266803
3106528
11482968
12027402
17160071
2476360
836294
18193363
10664843
19515362
15060236
10671068
11313319
5064048
11698858
17532438
15623326
20154065
2674785
17900655
13331159
19228065
3481682
15528593
4438339
6929595
10389857
12376134
13686532
17118266
6303652
15774630
15046089
17786619
2412903
6817032
15084274
3249196
19831690
5538692
2554133
14681502
16209759
8688747
19745549
2519489
6010760
9979746
2463129
3506840
7669977
10615583
2524480
11151658
5933752
1784115
18081252
11144904
14160248
6378655
8052746
253475
16974580
17920130
12861389
19387482
4526737
2556534
2426253
4148003
8095225
20012105
13650800
19126280
8490428
8007220
1435344
9322483
17986965
18930192
12829323
5446517
9335350
10175098
11419471
10090397
11959212
4111594
1024877
5909036
5311545
3898918
983806
2075700
1608623
8666491
16284478
956656
11223024
18710730
20136378
14139545
18512411
13576753
13055400
1613710
1373548
9312039
10936192
19360512
8031806
18586810
19628325
12188451
8551484
5658667
2068424
300271
9770260
18125020
1030602
9903100
1813513
17046128
11978800
18453855
323490
8052853
14231806
6367809
1374454
14157759
296929
14708160
7524087
13352328
16321869
3718930
2453942
1868933
17900738
5307043
245318
12139934
17495494
3618097
17798600
14385213
18950088
2179731
12299808
14801985
12082831
14113320
11637688
18882926
7178046
6782473
1546650
1199428
13150282
17952823
15357186
13447210
12450559
17702569
1410410
3383299
16242794
18896071
73527
13933107
3992690
318845
5862616
16309479
18968661
18482511
10484267
17708324
15483538
2573650
12299885
2177240
11508265
18758868
849741
13507606
5330917
17428110
14707033
13302494
15170508
4675091
6539279
7410642
2167235
2770984
5615237
13231324
1456631
5688763
6954007
5449320
828903
7637918
1548374
19797564
731301
12032640
12116759
16214838
9427585
4206219
13213373
15757145
17786383
8884409
9054326
17938595
6102094
18582655
11030664
1062177
3047321
12391238
3294115
35851
15162222
8909351
13267174
16618852
14598113
15042476
16889467
15427016
17501690
18437840
15014155
18232990
5081351
6920489
9058699
9330231
5948004
2061647
4876951
18555682
10946055
8752572
11105148
11869444
7124802
16957107
12931620
10172122
9137920
11047030
10207972
19121437
19956380
18296442
10351160
9165365
13128493
1851498
4381956
10419758
78913
14217406
3263619
20191983
15959190
12322317
9311789
16728489
9205259
9010035
15073746
14972609
17762607
789765
6631628
4676984
17746871
14384544
9670402
1495663
5221149
14699669
406675
4967105
12785686
5579131
14132469
5703755
7430628
13335720
10944808
2330837
7342701
14208427
17344115
3091466
1141615
1266776
14641251
10346874
10276810
9504572
5109058
2650288
5115633
6561982
2148568
2652079
736101
11818969
4147741
5957249
6308213
19586136
5745649
13915195
19986562
14699413
14440245
7206765
7824708
5174628
4358897
9988704
14204350
1492588
13080170
15345965
2759363
2332292
5482414
13036172
11836863
5412767
10507756
16952495
11974748
12656323
14425870
7532144
19296587
18573610
13489393
5394375
12770617
14056337
14130865
12546754
8545326
8360685
14574815
16370033
13535313
18933711
6148313
7529238
215874
14049778
17696498
18006956
16382069
2968487
5654000
2829803
3202550
16161755
14603594
9998593
8607653
8819039
17530737
7693815
2003520
5631001
7909485
9595433
19687337
1829926
1931762
8022238
10190610
11327872
19213567
18547218
10051159
5151455
687328
5088328
14022528
18383825
2884860
5015468
16173608
3360155
2666566
19376157
19521909
12091455
3985621
2740433
15731789
1305933
10434247
17735309
6936933
13165027
1941613
6413846
9816248
18905094
9257379
14828154
10022542
8260521
13164947
14894996
8233271
13852274
14804619
17077094
6846971
12510774
1882137
2810154
15870928
19580423
17007606
15182412
11461453
782802
12744140
6982818
2088735
17999682
19539422
3846963
10954285
1270610
5082104
15591828
20175703
14339483
10209557
4809116
17421299
3164080
14525407
5444146
11837649
9119602
2310815
13505915
16451671
19224672
16316068
12112175
13415966
7934545
1905458
4666994
8717347
14649598
11649811
5627377
12438855
5800104
4295635
18214435
7070713
9377739
13595839
1857288
18538517
3594971
1487699
15749391
1580346
16013106
16014832
8239291
19954003
13146943
1534781
16195249
6982486
12672145
8096999
188027
396265
4823753
4855020
3934907
19473350
11326127
4383579
6523076
17126230
8679214
4527087
19018239
12878248
18122925
15696822
11206340
16539191
12005816
1566602
18119537
7808497
12402730
6148403
2373371
5339248
7683183
18568620
7143029
15176623
1276490
7331055
15572888
6100242
7007370
14329090
184463
13154792
18712669
1528835
4891894
7181458
6055921
18731428
14881001
19000141
14217825
698212
15328907
834512
2264813
13238019
3464305
9488838
19386421
5837675
14828085
1680476
4195870
16792409
16857098
293656
3913039
7040857
1215193
5741705
1159523
16431376
18896496
19872191
17960210
3577965
1664520
3805706
17130688
16545520
2595422
5959384
17243731
17924328
6793896
14329839
5773219
10258200
3608253
19980935
16095874
13257633
16482706
15113040
9839618
7950676
15406695
8573952
14991532
11443183
9136952
10972350
7664134
7823024
5455412
5413919
6222284
7119931
9219624
3142548
18486746
6636341
9101931
10341348
19381965
10717122
4460763
19976479
764897
2890311
19746989
11682067
10969239
16019271
6584682
15630152
3759522
16812672
3993680
13572349
8045430
7951927
19365995
10530860
15774950
4610982
15944778
16818530
11730913
19985698
14782373
4828530
1232910
3673879
15169878
404450
14391001
19630640
170504
9977193
17342246
14738789
1448835
8101060
5368931
8033516
18552508
3949748
19667483
17367483
17522096
2323785
5108985
16677666
12854644
673511
16109944
8588997
12313336
7630432
3185566
6885284
7280257
4418476
5380458
2239710
19854645
14592754
16691645
14846445
4359523
13823466
9374809
5808357
16745822
14743739
8663169
15087905
18693486
2941523
7066259
10826453
5265307
12175243
2114991
18119950
7670049
18224934
1319819
19983384
466237
4505384
6658243
7746493
3745155
6859997
9986203
3389376
1242326
1288719
18235820
5601848
15112185
7400204
6231501
6468878
16965238
14894669
16378078
15448299
17836191
3233912
885623
17922794
10230450
3000613
15832319
17900499
16046842
11973433
17673458
16513078
16478817
19152997
4049147
13547
5802569
8856645
18434642
7044894
10145363
16460037
7468038
20078843
18681536
13699538
6337296
15436349
3205078
17536669
5495519
15862564
15591876
1202438
13574933
5611902
4203050
4018124
3301976
39468
15991556
15796729
11373841
7081244
9560597
15422987
7094791
15363165
19100927
140304
17229355
9035866
11421637
19518688
8904284
9892748
13007801
10062876
20150393
11034174
2210416
256783
6686313
17802292
1459220
15082542
18235489
483566
19100665
1327040
15554753
14881796
11945064
6718169
1752616
1295237
16962452
3668702
11479697
15852954
3809005
3319923
19710115
15230641
2628186
3225271
19944685
10457282
8109442
19884653
1281031
10319857
14962731
7967344
2733020
16421951
17871181
758084
11726812
16761421
2085123
7071140
11432792
8851483
13789308
8006703
10146719
5362631
6496700
16447711
1005161
5127001
19767634
15536571
147217
2185395
18761841
14913197
12642677
6660858
9408721
8745003
16980715
4161028
11533642
14535030
15404274
9194398
15293114
1741957
5745394
12199532
8813096
11999482
840590
17423699
14827480
5808604
2575906
1113756
2045891
18612786
6240756
1603100
13938932
1209268
18820214
7311645
16122465
6073762
13972502
142057
14818765
5564088
19334804
6141982
20099118
14528653
15336380
10003103
11091905
15903069
1992210
19905000
7692126
2832800
11939571
2309182
3462699
9336772
3422937
5508589
7739133
4484988
1932984
16499360
5694255
542774
3600580
16638015
1437831
12394378
11601368
16256595
12779761
10725747
17219873
12668454
20075696
12345828
2461132
10957176
8038472
19485062
10651752
10551894
17139157
17412618
12861075
391431
6538965
11105307
5900020
9099393
15590294
7833003
5388328
16105844
3197072
3810204
7354731
4634903
11025877
18956098
681073
3595213
9471420
12722241
11084963
9336691
4857644
8367390
15115163
7717412
7642027
377786
18269305
19602479
17790403
5741251
19993910
4118943
11667853
504801
8039631
1869018
8337803
8249254
12796157
6356171
6880753
20150887
10991073
17906629
18896560
6493441
16323138
2978852
19215682
7197676
7136838
18894621
15565065
2041576
1222904
18028388
17451081
19492208
17420442
15031059
20054754
12025223
13971297
11512182
12530023
1800503
8202495
657402
10049757
788228
1834868
16930509
728690
12825940
9448010
14446546
14140676
5560723
12246693
7967229
12758398
19383530
1472722
2934334
16246402
2695625
15784017
13487058
17009129
12994035
3128989
16853458
4808833
17100285
2976512
12160152
18900788
11179006
12817553
3561416
6788529
9473716
15313220
7517219
17120951
4550805
16785060
11051202
10111527
8821328
13839727
17691220
2815729
15312448
415130
19062130
18008072
16199146
7160060
9628072
3804052
10289048
6271106
3434181
7178908
4068913
15594332
690567
10069214
3022756
19283702
16857743
12496471
14386498
19196257
4228293
18937302
15770892
15279494
8838405
19413515
3730092
1140496
2018819
19042539
1555625
870525
11661483
12576067
2851880
1079130
11201414
13140927
2171531
9456890
109410
6240443
19872517
15831697
11130953
2684848
14904974
2599567
10002614
3902343
1585399
9052202
2629221
12177586
4121272
6288921
11380676
2672659
7429416
8220790
1504774
3806337
3912610
7987552
16382403
6764489
9066681
2194688
19905415
11238212
11651578
14836121
12299950
11313670
5278689
18252198
8819814
20183662
641340
13643723
3875581
2226738
2485501
1326097
9225619
1428068
2436313
15427590
4100726
9865728
3437956
426795
8493360
7350565
8414346
19697058
14115054
12302323
1681322
8631340
18361830
13332899
3257036
10451355
19467864
8535724
8493129
2898549
3330258
3955764
11363568
2027134
1003798
13849068
18384950
10229416
10098431
610838
5446582
9020452
5297861
3705833
9447247
13791221
11056397
12682888
13277854
19992746
19806506
14959175
8413662
17957911
2902945
6491993
3020138
17192105
9849013
6334562
20090653
13179270
10290325
11243796
15206403
11294122
19914159
13380928
16344834
4623461
8813061
16612711
13643913
14110921
108119
17912455
7691717
5985811
5206214
15790867
589429
4802296
10539617
9003090
2549782
8263858
10316378
5569919
5245538
20165390
11904480
20157486
7955531
1984381
6012154
17983229
8099798
537184
5975028
4234207
5160645
14788088
636493
18804557
8688585
15776331
11327883
11201597
1551718
16534096
6782039
2141146
16157687
12142952
5965531
18707469
196385
16281908
19098683
263218
11058170
10792739
15241999
19013700
7598415
1043728
16786505
10519508
1580912
17582828
14753715
6741556
12160492
10211503
156984
15670372
5777410
6306162
1482840
7329127
17661553
8264879
4291568
13608816
15229126
10257098
6927156
15425510
1149877
5815414
10510023
7029342
11429448
5541597
653914
13849158
6585325
12261714
4158242
2987532
9634117
13733252
4550383
1584184
3734330
4707366
12075851
9511739
5834823
13558691
11662161
3285951
16644865
10775024
16894766
11663566
15853417
3611497
1699947
11824590
4248207
12209969
18853931
15677654
12572861
14329140
9316388
13979481
6380429
13474629
16967012
16014546
6997456
1306970
12420025
5553081
835631
19317172
15064820
6670453
12665438
1337852
4777700
9099878
6934172
1462041
15584739
2577164
20105258
17284685
14401753
4143040
4105525
7866556
19820693
16678385
1985271
3747952
10447442
8365700
17222580
2025325
19201541
19041331
18364015
6232437
4383988
19199645
5339184
14270103
480970
12825917
10429250
5258669
16747090
17363421
1542005
12121404
19940585
16468558
9195664
8953209
401173
13301188
16819764
15043162
4590445
18805035
18791113
9859182
1781606
10624565
11884506
15804442
4276767
4859392
1826454
8660754
3848613
1986934
17752152
19361302
14812850
7970978
19441266
11349516
5123974
15804566
3260495
19885854
12062700
7277455
8628639
7285168
368218
5237978
17149625
19990382
18864308
10551610
9639139
15467209
15997470
16344941
11061226
63812
993908
7708976
8724566
19874240
9695909
1087589
13846413
19330054
9058566
13077254
5290441
14182540
3492692
8550936
13857969
10376687
10649686
17307903
17661854
5839199
2335457
9422351
5619157
989340
19973960
15258295
11277845
15761005
6214107
2128646
15824816
7208015
9837621
19370677
6871830
14354825
15279562
15539539
8295751
4127703
8406368
13586191
13131538
11899059
16958422
1600379
2065321
7397683
18908281
14548471
13236882
1033313
18792117
18856038
17054373
18555652
8725204
2943089
8927528
9760607
5071734
19573639
16968621
9730651
13555188
18661746
18906771
8624325
13990860
6992097
12752027
17218524
367864
494437
3728454
12147581
2094815
615071
19545264
792671
9984837
12571721
16857704
8566529
6038630
8522948
6911756
9585129
11466036
10660579
19345735
11359065
10023793
10925227
15911011
18400276
4197845
14607358
6814176
13010000
16420750
14387499
10018099
11609909
14881935
8567849
3547066
11798045
9182919
2881905
12590715
13989051
10274921
4059290
2345155
11134846
7403533
4078206
15541270
13690864
14738784
14676581
19871225
19583872
212679
15571811
17773724
19442243
4790040
19409195
12241819
16032086
13586269
17081213
2252866
3079075
259933
5799931
14877119
9442851
3503131
2078706
18253197
8599347
959291
387927
19734192
8362824
4466132
9886334
16874983
14026211
19384210
11357079
8220955
19596888
6718466
605550
18828707
6329801
20014744
5681397
17183182
8211885
17583905
19436048
11290959
17843838
5025554
5957654
1897560
3349981
2857655
20150757
11949327
3816945
328259
6294391
7001064
19826111
16180724
3665623
8463193
15354509
15022701
16684147
9562268
16562462
17289696
3001846
17713559
11915312
8683242
14686316
20127196
6056723
8733235
6029026
18721856
13758789
11986679
408991
11930065
9665629
349323
18700687
13482574
15709302
4784653
273213
15324988
15786672
18970555
3577756
5752052
13782832
15083199
15314320
4956165
6983766
13137461
2459299
18899077
1610279
11966911
18815848
2488297
489721
4634450
999728
9069805
11442424
16440438
15821165
897629
16789761
14311428
9201498
12288638
13917376
9474710
2224497
4314920
3056137
623548
10066971
11660264
15706746
20202586
16616428
2480088
13129623
13897023
1168740
9561197
474805
14805884
6870789
15996245
14261629
2691812
4855626
5493628
19132249
15498086
1212552
15711585
9599089
5235345
2611094
3306041
14710055
4835590
7620960
12587487
5459138
12509226
4037326
15987179
12501388
443329
18467266
241882
9161647
14457302
9803078
9636451
9052761
16673866
5422272
3103965
14186973
5099193
3418888
13108797
386854
19663160
3431254
4807239
4688080
6042347
2934575
14219430
5699233
10555534
6596492
5979666
17886055
10633817
1756420
10177018
5898442
15044982
10418899
9881384
9291859
15043272
14339131
13165915
6328009
19761402
11091175
304557
19681890
9331358
13413354
14890039
8784093
11665903
14518573
8293469
17708249
17453147
17334194
18228777
2619552
18751982
3998018
295183
3996670
5754438
5293496
9895111
15620715
10533691
14597791
4702149
5366538
8726497
12689359
11694547
3098770
3570109
6820399
2570235
7722762
15055048
12281569
11328151
6510526
6589718
19621619
19040071
3832440
11566684
17058423
6451992
10108241
15877737
1568470
14104911
16453470
6861965
18821317
11863760
17395655
13208683
16565908
17583489
1724755
3866138
3888907
4823524
2257542
10709305
2215054
9980303
375225
14496623
1098029
6885750
15907636
15540943
536692
19740075
1718499
12416411
802938
11826739
8083723
2371407
5721225
4326768
4054668
4332118
16190527
1239898
12362096
7367306
13644682
14086851
6054739
17533588
13731670
8312280
8032469
15946724
13113878
8407693
10232922
9033203
10114738
751429
4363721
10651430
281079
903515
17889136
16115737
12730254
5762434
13308439
13272774
4910497
17363106
17604891
890599
13424300
4577859
3079200
6858557
18664709
9133938
19213441
12185954
12267513
7035485
2743549
5170966
10264473
7797766
14204168
15200506
8549194
13389185
5641511
3651569
14292699
18351942
19767305
6812528
3903951
7686615
20085302
8814447
19871017
12301064
4526341
7906188
11700218
2426836
9586040
10154502
11560773
8589056
17161752
18649581
10445836
19905300
3610123
499884
7492642
12635586
15700390
16041835
5814346
16163196
14514699
20107045
14304714
14071579
1530444
13029960
16579490
16437041
1633983
16240082
3348977
981619
3935845
15049194
3408455
13521884
20024992
9790523
16932236
16976319
8229680
7167647
11492490
6661098
7667531
13806427
19296683
18189216
4459134
4900605
8963283
18973832
19828945
18089292
7656283
16180684
10908828
4025348
12407301
7364106
15086725
15756277
3167020
19022569
5416342
6575474
7155324
5230909
11187293
3877135
17028523
14238268
11044782
3131885
688941
13533608
16938311
14806919
6333695
16218740
14528819
15296977
14982148
8968635
13175845
17459726
4938895
18905968
16306369
12167491
6059649
11182669
2534639
4047964
9994813
7950980
10623438
11971432
13181889
16632026
15848567
4821283
10659869
1504220
7953167
6170105
9859123
19712774
766599
16192817
15721089
10116714
6100665
5314108
19085348
14097805
2563409
3813818
12793348
18869777
15981308
13674292
9842021
18515946
17722256
14658129
6256502
2956565
6419137
14259686
19588590
17088999
19080968
4859330
13414514
1645007
11029434
3063212
1147356
6617328
19256028
11689740
16734041
5146268
17003848
15608965
19244073
14388552
14244078
6648292
7869201
10014962
112160
12532517
3141779
12655711
1801518
4219576
15612275
8220654
13300557
9811736
20130948
6992397
14671065
13335037
8637403
311370
16398248
4606054
1749993
10265147
16295793
13305330
15411414
13089216
3525166
9266358
