20 50
3341 1179 4538 4383 52 3653 373 2628 1818 512 4441 7 102 2161 3018 244 410 3170 2241 4037 4739 1675 2876 1989 744 938 3162 1516 1759 2733 1853 99 4675 1390 4482 4728 42 4856 3118 2624 1130 3321 2631 1995 481 1411 2240 892 4581 243 
4929 4319 2682 3567 2071 3426 267 232 704 2026 3728 2557 2126 3402 3948 2370 3129 4753 2988 1247 2376 4118 4568 7 1113 812 2181 4116 1704 1762 121 2395 1080 2803 1724 3151 1992 1992 4146 2696 4781 2873 253 2669 1275 4964 39 166 4716 3027 
1413 2855 2908 1744 3625 4784 2556 805 3899 4260 2567 4783 2417 4411 3349 4141 3324 340 1895 2470 3799 1676 1105 4052 4345 2380 4015 4384 3310 4494 3174 4723 3111 1081 1466 1735 864 4022 2540 525 4044 870 307 2223 1043 3656 1364 4367 4759 4022 
2599 3558 697 4468 3372 42 1847 2387 188 919 2643 4125 642 753 205 2871 2488 1832 1893 790 3120 1699 2423 3428 3923 4229 2846 1049 3596 3368 70 1957 1925 1531 1424 296 2336 4035 3446 2524 4954 1088 2412 1358 2604 2617 4230 854 212 1885 
2408 3332 3584 4831 2522 3269 4823 368 4318 3418 4499 151 1137 1423 1682 3325 2482 4018 2359 928 2304 3075 2779 4716 4434 1146 3096 3663 2000 3308 547 4408 2402 4894 1 4925 3163 4824 1055 2480 4004 553 3394 903 2739 75 4228 220 4093 2349 
1148 2160 424 4691 1875 4858 836 4971 3520 2836 4041 4830 3007 2206 4723 3771 2130 3648 4357 3948 1128 4123 263 284 25 3002 360 16 3222 215 2365 133 2375 2789 4824 13 2646 659 746 1928 4258 4788 2520 3027 2756 2243 1797 4886 890 1916 
4596 2781 1038 4859 3066 1827 2860 4189 1843 1844 4404 4971 1977 2542 2760 1800 2555 1168 3222 3301 3097 2480 3088 1379 1269 1606 3622 3067 2254 275 745 1849 3819 1784 1707 1884 4374 329 1072 1979 2174 1239 1949 4914 3781 471 1714 1335 1640 4936 
4636 499 3178 3487 1878 4448 92 1263 3277 2347 1538 4785 4959 356 2331 2429 3004 1704 3521 4839 3683 694 1077 1395 608 620 1866 3085 2718 3506 3783 3117 4005 2724 1603 1646 2934 2458 2909 1973 567 4447 1757 1289 565 4089 3718 3569 792 2238 
3408 238 3696 247 1633 66 1631 4262 3151 4349 2768 2696 2465 2535 419 4831 4181 3353 3052 2089 325 3619 2298 2846 670 2864 1934 4388 2195 3489 1626 1365 4490 1084 2376 1122 1150 4007 384 4301 4118 3915 1996 1583 1449 3179 1413 1393 1531 227 
4245 2620 4610 2306 465 279 932 3162 4668 3127 1650 2056 255 1140 3140 2631 3025 52 1637 4172 115 754 3849 2874 3100 1061 1052 276 2454 3347 503 2461 1729 112 4767 2194 392 698 1118 822 3826 2768 3641 4081 4671 1780 2474 3459 2595 4874 
2630 2710 1390 1479 583 4491 2540 1636 529 756 4983 1032 3217 2474 1908 2984 4668 3063 4445 1548 3885 4033 4316 3288 3876 4750 830 1349 3208 3425 1222 1600 1134 2613 3842 1717 2866 2144 4116 3395 2900 4861 189 1880 2334 2097 626 2764 922 70 
4312 4807 4104 4391 3857 2979 4140 4687 91 3110 3111 1313 4710 4245 4689 3552 1725 2554 695 840 1711 4359 1464 1901 1238 3798 4761 2627 2325 683 2697 1636 1252 2563 1026 109 1305 165 4796 1396 3275 2907 3472 3748 2914 3161 3062 401 1477 3757 
2005 3189 3878 3469 89 878 3029 4850 3505 353 532 1965 1990 2548 4528 3016 2657 832 3945 2452 2991 2982 1121 1463 1729 4036 386 553 4437 1863 73 1441 814 3951 4910 1666 4830 3702 2279 4097 4055 3574 1061 1044 1121 1352 4824 3778 2947 4531 
1230 938 2512 2351 3164 4 2149 3550 557 1586 412 630 3790 1227 344 4463 3656 936 3164 934 32 2218 4509 1857 3263 629 3209 3849 4408 1918 3379 1400 2856 890 3751 1019 1657 900 4569 2978 3249 744 4371 2038 2734 4715 1500 1389 650 4664 
2324 1446 1882 1832 4066 907 2461 3037 518 2631 4955 3897 4031 2811 549 3545 4593 2207 207 4162 947 3456 668 317 1256 3402 32 2757 553 1445 3183 2877 3654 827 471 2719 2497 2933 755 3015 1326 1473 1911 357 4284 3224 3902 3876 1193 4109 
3800 2140 3327 4468 2457 4583 3632 3252 3102 4186 460 2048 2062 4877 3638 3297 3359 1135 1229 4877 4913 3318 1349 2587 3675 632 810 3339 271 2003 3210 4834 4906 2299 4302 3125 1882 3696 2140 746 2881 2600 3557 706 3239 2195 4003 1597 4093 994 
1474 4005 4312 2823 1591 3750 4219 2401 2851 4490 166 1061 85 834 3360 149 3960 1004 3846 1099 2514 2489 4462 1070 3195 2700 4028 2960 60 3120 4717 1534 2125 4029 119 4479 3541 4338 2643 1391 4590 2809 3215 4676 3644 2338 4825 3366 4105 4433 
4465 1618 1922 4689 3452 116 3151 2479 3840 3211 1362 3556 4745 4250 3347 627 3728 1887 4965 1370 4042 317 4943 3019 4993 3586 356 579 2714 224 12 2178 2605 1934 2629 1056 2813 779 4299 1652 3991 1423 208 4498 672 3555 124 4400 1205 852 
770 246 1169 712 4028 1924 60 4385 3266 3537 371 3278 1477 2976 974 4106 4796 4551 4885 4857 1202 4638 1279 2173 4899 1951 1491 22 2113 2696 1637 3646 3705 3569 120 2732 492 943 2879 3759 4480 3250 2799 956 1989 4537 61 1784 4087 709 
1640 1051 1109 2919 3225 1007 632 478 1793 2745 3937 4193 1391 2641 2762 1511 1135 3254 2455 4778 2775 2697 3790 1337 3654 778 1636 4478 2562 722 186 4202 2536 2059 2883 1523 3066 3515 2001 621 2023 937 4815 3414 4341 2576 687 476 1592 3905 
