50
352.12 732.66
313.24 421.72
364.19 565.03
326.00 571.07
382.75 599.53
330.58 617.65
241.41 393.34
290.87 461.74
141.03 453.84
116.23 257.80
125.33 501.78
198.27 503.92
334.90 786.48
214.55 549.56
317.30 378.40
283.97 544.12
391.65 579.58
409.36 665.19
338.77 574.12
91.62 403.86
492.86 955.80
99.30 333.56
114.86 545.77
355.14 651.76
243.71 305.80
388.20 797.97
388.54 565.73
306.14 529.58
128.77 599.46
58.44 454.51
481.80 774.21
246.94 620.38
430.34 586.63
219.99 579.82
432.37 784.72
172.06 597.29
315.28 536.64
159.48 630.35
152.26 257.60
267.49 704.19
117.43 363.84
346.47 443.17
373.60 616.93
360.87 453.96
214.02 583.33
79.89 275.70
252.44 529.27
159.97 433.47
473.86 894.55
224.05 630.27
