1000
2510.28 4275.84
2346.40 5997.11
4028.84 5545.78
3573.10 6389.24
3205.46 6287.67
834.58 1942.71
3377.68 4884.04
3188.34 5166.07
2553.77 4441.47
4589.40 5368.59
1111.34 4148.97
2988.92 5976.41
4104.48 4943.84
3398.61 6112.68
2188.37 3577.48
1361.85 4771.74
2654.67 5074.16
2060.59 2955.33
3436.44 7781.37
3210.88 4064.01
2427.14 5183.84
1461.26 5977.32
3763.07 7123.91
1493.79 2021.86
4748.55 5831.73
807.26 1667.14
2832.05 5339.47
2558.61 4495.13
2846.78 3804.00
3361.83 7896.99
1846.33 6070.01
2156.28 5368.52
1643.17 4571.29
3606.98 8186.59
2273.04 3302.13
4932.74 8344.16
3285.79 3891.02
2927.48 4187.57
2677.32 6598.59
1288.16 3714.02
4504.45 5311.12
1996.98 4333.47
2814.09 6869.68
2984.25 3645.12
3724.05 5070.12
3907.27 4477.64
569.74 1633.28
3282.61 4206.76
3491.66 4592.48
503.75 4979.70
1629.91 5777.64
2887.36 6514.31
3464.21 4279.04
4387.04 5528.56
3447.34 4122.54
2278.62 4441.64
4693.12 7679.96
3999.51 6506.71
1253.66 2448.65
1879.31 6357.03
2041.06 6538.88
3759.33 5081.38
561.36 1814.54
1746.20 4510.46
1854.00 2815.20
1451.44 3646.60
3820.17 7658.98
4533.35 6817.72
3364.88 7285.26
2137.13 3160.59
3306.82 7222.57
2686.48 4897.65
1113.82 2011.05
4218.38 6085.87
1592.22 2689.90
556.44 2900.97
4306.75 8122.52
3166.58 7534.69
4568.95 8981.73
1343.60 1977.79
4085.22 5591.51
1540.59 4445.98
4845.10 5919.03
4689.76 7110.97
3705.55 5532.44
2944.67 4168.28
4453.88 5085.03
2934.78 3502.48
4739.63 6892.78
1935.19 3267.03
1962.08 3953.71
3176.37 4445.19
4518.64 5861.58
4348.17 7647.00
4466.97 8869.98
3433.02 6985.20
909.29 5382.90
668.80 5134.43
4258.78 9117.35
1886.84 4851.16
896.69 4439.44
3687.93 8538.50
2885.14 4507.85
4129.51 6754.27
2487.10 7263.04
3456.61 6617.03
978.80 1823.01
3140.48 8137.93
898.40 3387.04
2507.51 7372.88
1102.89 2043.41
2628.78 4140.96
4125.37 6922.96
4689.06 8073.20
1867.39 2654.52
559.69 2035.01
3829.88 7577.51
537.12 1463.38
4081.58 8248.22
3051.02 4619.69
3942.57 4661.43
4229.10 8650.48
4774.33 7143.90
3630.06 4302.78
3569.46 4707.02
4249.33 8421.68
789.32 2667.42
4395.77 8021.70
3386.93 6682.99
2010.06 5975.62
3583.19 5652.94
4152.12 5776.43
4528.62 8717.87
2050.57 5660.76
2567.12 6379.95
3890.11 4611.03
3242.94 5573.38
4642.30 7659.56
4200.01 6683.60
3189.98 5170.68
3121.15 5560.45
4864.29 7486.00
3028.64 6499.94
1247.63 1874.44
1767.35 4525.04
4092.37 8942.92
3538.69 6783.18
686.09 2964.63
1644.97 3881.63
4599.98 8312.07
1049.48 4539.56
3933.01 7725.43
820.51 3607.06
1809.67 5541.43
4770.14 8481.03
712.46 2814.99
1150.18 5438.17
4224.24 7903.07
2759.28 6942.40
3016.88 6254.76
1152.04 3261.28
2299.66 6490.39
4064.97 6550.72
680.51 5101.69
4222.41 9002.90
3133.26 7116.39
3270.56 4548.07
1986.79 5577.86
2775.30 5283.00
1534.06 4079.49
1218.59 2176.35
3359.20 4439.21
4745.76 6540.44
3470.08 5186.35
977.79 2464.74
4454.15 6083.98
2307.44 4061.24
4531.81 5904.21
3739.55 8451.87
4504.83 6678.02
3704.04 6342.12
4867.57 6842.16
2626.83 4481.18
4276.90 9179.03
3073.29 3884.24
1658.80 4661.92
1268.72 5786.72
3583.14 8308.86
523.91 2577.12
1441.98 6154.93
2251.41 3147.54
1342.78 5401.63
1361.17 5947.00
4142.49 7954.46
4298.14 7945.45
4696.40 7698.57
4996.64 9560.60
3688.00 6311.46
629.54 3594.43
1736.83 4150.91
2487.08 5382.71
4917.20 7384.24
1624.86 5125.19
2192.75 3841.53
4264.79 7399.53
1361.72 2877.91
2742.11 4157.85
4286.28 7100.80
1001.56 3641.56
1626.48 5637.42
1287.31 1821.43
2013.10 7008.29
3809.32 8221.66
1829.88 5768.75
1588.46 4655.17
564.18 4139.73
962.33 5943.71
1042.58 3129.78
3481.71 6217.05
2447.22 4404.95
4581.32 7101.50
2185.16 3719.82
2647.17 3329.84
3849.18 6997.91
2822.67 7009.58
2159.67 4980.89
4221.03 7105.04
2816.40 5057.98
2296.35 6442.64
4891.69 7487.74
2212.99 7168.86
1171.59 3058.16
4937.25 5862.67
2685.01 5315.20
2372.00 6215.47
4087.92 6041.23
1363.64 2636.71
2199.21 5710.02
666.98 1715.36
870.78 3860.43
3946.53 5688.22
810.87 3978.42
4125.70 7252.97
4120.38 4753.66
1484.79 5496.85
2729.34 5138.37
3967.93 6580.10
3795.60 7700.77
3037.59 4518.19
1535.35 6444.94
4824.07 9158.58
1074.13 5973.08
4318.82 7092.16
2621.00 7106.80
2532.97 5524.75
2475.44 3954.93
4233.47 6231.02
3358.29 5928.69
4624.83 7103.49
1914.93 6735.79
1490.71 4846.22
2229.88 7188.52
4678.92 5704.39
3075.04 5791.55
2006.07 6116.46
1837.33 2878.70
2656.13 4278.84
940.32 2915.26
3107.29 6168.61
1460.73 2100.98
4764.34 7411.76
830.99 4040.03
4144.97 7834.25
779.43 3760.46
1167.93 2573.53
2801.89 4171.77
3472.35 8004.12
1328.52 4479.79
4268.49 8172.05
4579.02 9564.82
2225.19 3641.53
1027.17 5408.49
1750.29 2429.02
1356.26 5713.85
3240.05 4768.28
3709.08 5924.70
2886.89 6926.96
4924.66 6956.52
2729.34 7144.67
4512.89 7121.40
820.93 2346.94
3478.40 7271.68
1057.78 5364.70
1155.78 5193.29
2421.71 3156.50
4023.30 8170.20
1651.14 6201.61
2739.46 4852.13
4729.20 7536.16
1470.25 3650.73
3046.43 6937.01
3896.10 4829.42
2930.64 5962.63
2465.18 6836.41
2447.32 3636.62
1979.73 3959.22
2215.32 7173.45
4484.01 6468.35
3476.28 4116.07
1021.84 5631.08
874.58 5419.72
2967.37 4204.33
3306.85 4013.67
2849.64 5885.68
2225.02 5256.15
3927.77 8699.23
1921.70 3956.80
704.77 5057.12
4567.10 6448.29
3723.57 4949.22
2570.49 6985.03
2705.14 6202.19
3583.91 5773.05
4981.39 7041.57
2328.93 3332.15
1669.41 3584.17
4259.61 7607.64
2651.72 5218.17
3554.85 4056.20
4313.73 5093.60
2243.73 5485.22
4262.57 7928.00
3987.84 8455.18
2229.01 5783.94
1348.52 6012.34
3491.82 6122.07
4078.36 5275.31
1127.30 3789.56
2097.33 3206.01
3433.68 6571.19
823.15 4637.49
4552.27 9135.03
2162.36 3577.58
1360.44 5788.89
1416.58 2090.74
3919.56 6291.11
2626.90 5809.02
1036.97 1862.94
2649.45 5415.44
3092.14 5801.35
2429.80 4013.75
4839.47 5558.86
2280.90 3247.66
2092.89 5182.36
1575.44 2102.01
1226.97 2336.80
3840.91 8331.39
4403.83 9118.34
905.70 1669.96
4142.95 5176.47
4649.68 7712.19
2905.07 4392.88
1244.62 3897.90
1813.78 5207.86
4919.27 9325.19
1103.28 2663.59
989.86 5643.85
990.94 2972.94
620.74 3204.58
3782.71 4690.14
2610.41 7120.10
1517.26 2179.81
3211.40 7843.74
4877.06 7705.40
4107.84 7339.08
3361.86 6330.61
1293.74 6271.91
3956.56 5206.17
2631.45 7113.03
3354.93 5116.88
3887.49 7056.94
2033.50 5622.09
2823.44 5347.89
4281.83 7226.01
4608.29 7672.83
3351.61 4781.54
1785.46 5365.58
803.72 5300.58
2423.69 6815.71
2325.20 3856.72
2623.25 7021.55
4000.28 6628.52
4376.47 6544.54
3377.85 4597.00
1649.65 3382.42
2481.10 6729.48
4402.22 8416.83
2836.97 5062.62
1539.05 3657.84
3881.08 8739.66
3894.57 5338.49
4999.75 5679.77
3735.28 8249.99
4676.89 5835.85
3906.72 5120.04
1401.73 2142.93
611.61 5513.62
2869.44 6568.76
2070.07 7028.60
4418.47 6849.43
1691.29 3590.86
1679.34 6484.10
4625.42 7852.97
1241.64 2406.10
4846.34 9469.06
4734.28 8475.19
1066.64 5800.66
3132.17 7434.09
3459.96 6269.01
4172.13 6538.80
2733.61 3307.46
2607.87 4664.34
4187.10 8375.66
755.78 5724.19
4147.08 8032.58
2399.37 6948.99
4496.31 7286.26
4354.37 8476.09
1017.49 1613.49
3997.42 8572.49
4718.73 8450.42
2527.21 7023.82
2676.94 3336.32
3009.76 4146.65
2179.67 4361.55
2214.80 6628.09
1466.97 5000.88
1469.75 2123.81
2722.46 3659.23
622.47 1703.25
3533.51 6055.35
630.39 3660.20
4023.03 7719.03
1362.76 5903.28
3792.00 8652.18
4115.58 6837.54
2803.10 4445.89
1429.80 5621.08
1802.17 5741.74
4039.41 7521.25
4832.69 6086.89
2106.36 3406.02
3499.36 5786.71
664.96 1886.77
1935.37 2722.80
1013.83 5982.71
2020.51 3164.73
2209.93 3253.46
3551.46 6624.15
584.04 2927.50
2932.87 6343.74
3776.66 8223.87
4553.66 8471.37
3638.49 4205.55
2857.27 5535.16
2760.14 4661.33
2643.34 7009.85
1912.09 3054.78
865.09 2942.15
1075.74 3376.20
1575.73 2376.55
2269.34 5365.59
1445.04 5424.31
2851.02 7347.53
1263.19 3409.50
1051.20 4747.26
557.17 4096.27
2354.51 6176.58
2456.80 3449.79
3889.13 7914.44
2382.12 3242.62
4637.75 8374.45
3938.25 5488.08
3590.63 7893.98
2338.13 5715.75
1603.80 5017.67
3678.44 6262.82
721.35 4556.07
774.88 3847.25
2542.46 4080.54
3929.92 6234.82
3945.38 7932.47
844.00 2143.88
2809.15 4821.19
1004.11 1913.62
1037.35 3134.83
4981.27 9367.61
4545.42 8464.93
936.16 4072.21
3222.85 5208.39
724.90 4262.80
4899.41 8802.75
1122.27 5454.27
2738.05 4135.21
2404.36 6396.12
1646.48 2192.00
1296.65 1888.50
4032.61 5673.26
602.98 1655.98
2363.94 3471.03
673.75 2786.28
2704.57 3359.58
1498.86 3748.85
4074.53 5220.79
4097.28 5605.89
2631.80 6953.98
4546.51 7077.71
2436.75 6816.78
1863.19 6537.99
4488.43 7467.23
3666.55 4801.45
3024.32 7487.53
1226.75 2494.91
4815.10 6144.83
1032.40 2422.67
1148.07 2354.23
3002.80 5566.68
572.41 4574.07
3525.11 6883.29
4647.93 7270.31
4366.80 6646.52
1155.79 4280.33
3522.17 6614.71
2504.56 6601.16
2767.34 4760.32
2075.39 2720.51
1839.12 5650.07
3819.57 5596.69
3790.36 6636.27
2606.85 6929.61
3736.18 6202.34
528.91 1479.13
4530.05 5131.38
3663.12 6718.27
3459.51 6770.55
4388.78 6426.32
4302.01 4846.57
4662.09 6697.50
3137.11 4514.99
1132.00 5747.69
2082.11 4000.75
3972.05 7393.28
729.58 2732.44
4698.35 8718.29
4348.77 5865.21
3342.70 5638.88
3482.60 6065.45
2746.40 4970.28
1895.42 2516.18
4779.04 8845.22
3431.80 7599.61
1103.71 3048.75
3423.61 7900.65
3480.45 5041.16
4566.17 7889.87
4887.64 6535.91
4742.34 8602.03
3780.74 7963.90
862.54 4341.63
3203.10 7914.41
3706.77 4463.80
1218.72 2619.32
2051.12 4727.49
3124.49 5782.28
2797.13 4911.89
1723.96 6664.13
1282.56 2821.47
1885.21 6091.38
4727.20 8804.10
4478.13 8771.49
2400.59 6766.35
4652.87 6795.79
3225.44 6659.04
1326.08 4914.06
1123.92 4364.34
2510.52 6841.21
2708.69 5149.18
4442.54 7913.59
3828.10 6395.12
1128.83 2754.05
4181.78 5745.81
776.62 4952.20
2602.95 4764.78
2592.98 4923.12
4949.98 7021.08
834.73 2396.53
648.10 5635.70
2415.97 5789.51
2632.43 5874.48
1172.76 4429.12
693.70 3088.22
1798.28 3911.91
3546.25 4787.06
4295.92 6670.26
2519.07 7443.83
3499.56 4411.64
1488.78 5264.97
4587.66 7390.63
4649.26 6041.14
3844.35 7654.82
2174.22 6353.30
4872.28 7194.60
3377.91 5666.15
695.86 1706.20
4241.53 4821.39
2977.94 6624.41
1685.62 5173.08
4471.34 9203.22
3439.52 7206.77
2106.21 3064.79
2903.24 7220.26
581.91 4473.94
3093.20 6974.01
906.23 2859.92
4772.69 9023.28
764.16 2711.07
3429.66 7777.34
3769.23 4788.04
1635.91 4812.24
740.39 1617.82
2467.43 5685.76
4023.90 7676.96
1705.78 4412.25
3384.93 7241.47
1473.71 5676.09
3526.37 7403.33
3519.39 7127.67
1980.22 2804.04
2489.08 4875.53
2277.52 4539.29
1637.03 3389.95
2919.92 6697.86
1100.59 2000.97
4296.75 6533.25
2787.96 7325.10
1825.17 6580.56
1966.70 6527.01
2619.68 5003.40
2266.77 3271.37
1240.26 3691.98
3918.23 8184.86
1328.67 3766.28
2086.14 4895.03
2761.44 6836.66
4695.35 9234.31
548.22 1091.83
503.11 2682.49
3821.55 4925.25
2579.77 4909.30
2051.44 6919.17
1077.90 3665.75
3834.35 5590.19
2148.15 3602.18
3639.57 6765.73
1169.87 4760.94
577.87 5165.97
2068.93 3475.48
2025.71 5680.78
2926.68 6425.07
1941.52 3774.78
2248.58 4238.33
1876.88 4128.57
3669.13 8078.80
2066.63 7026.77
1739.20 5357.27
4039.10 5567.44
1205.91 3290.60
2784.19 4849.49
2249.96 2884.95
3902.70 6822.53
3726.06 7706.63
1719.17 6225.40
4098.36 6554.48
3161.29 4397.57
954.50 5557.31
2569.54 5272.62
803.79 3961.45
3666.01 6850.18
2567.33 3299.96
2355.54 5373.31
3061.94 4456.58
3257.35 6236.44
2979.33 4020.86
4544.39 9273.68
1176.52 3834.84
1860.35 5474.17
1638.88 3929.64
3120.04 7568.53
4246.88 9239.45
684.76 4597.38
3806.62 6560.92
1615.69 5726.10
4623.21 8616.15
1505.81 3696.34
4225.57 7586.93
3919.54 6207.04
4256.00 6432.88
4766.59 6213.15
2718.42 6240.63
4887.09 7493.27
1180.52 2139.19
4931.25 6461.90
2749.44 5800.72
979.13 2186.68
2255.09 7130.23
4620.18 5681.88
1840.67 6787.78
4672.11 6135.98
3940.05 8829.22
3154.40 6320.01
3250.52 4535.69
4164.36 5882.11
2962.06 6104.24
1875.55 6267.27
875.63 2638.26
1209.13 2765.28
1432.54 2572.91
1798.04 4691.26
2902.90 5180.07
3600.78 8258.77
2152.30 5373.25
719.68 3423.90
3168.05 7271.08
3668.09 4987.42
3992.19 5025.92
3196.19 4650.13
1818.90 4179.44
2671.69 6163.89
4213.96 8261.20
2883.91 7473.50
4521.11 7325.40
4856.99 5810.64
3444.66 5099.68
3346.87 3905.66
3432.20 4591.08
4716.78 9012.52
3879.83 8027.53
1999.95 3259.07
3250.73 7630.02
2078.45 3532.60
4913.02 9687.66
2408.10 4140.01
1346.41 5926.20
3935.36 8206.98
2838.27 4657.53
3861.20 6220.57
3334.79 7052.97
2024.26 3014.95
4873.21 8955.59
1049.48 3566.12
4741.26 9218.77
1023.61 4644.70
3625.20 5360.01
3591.45 4678.61
1114.09 5495.23
2041.32 3068.42
3367.02 6527.68
1470.25 5683.68
1951.68 6857.29
3485.04 7774.99
936.11 2493.59
860.56 4631.46
4775.66 7160.48
4261.59 8121.69
1467.19 5489.51
1376.73 2585.18
3499.82 5400.17
3540.78 5665.79
3135.16 4478.62
2712.18 5672.67
724.59 4189.33
3487.59 7079.20
836.63 4505.71
2016.28 4304.59
3574.69 7787.25
789.50 4011.54
770.03 1920.09
1204.17 5461.11
3034.88 7211.89
3117.03 6330.35
3199.32 7193.09
3133.01 4832.14
4605.36 5490.38
2535.38 4487.13
1728.48 5687.28
4412.24 6365.31
1634.77 3745.83
4255.93 6227.33
780.13 2052.33
2970.96 6037.02
4196.00 7456.46
4999.34 9465.38
3910.52 5114.03
2934.21 4090.84
4880.52 5931.75
3081.19 5372.26
3756.24 4970.43
2701.44 5274.27
1599.21 6336.03
3235.82 6063.51
2906.86 5554.91
3492.01 7533.64
3470.35 5429.52
4724.28 7686.01
2731.37 5426.60
4739.03 5877.63
955.68 5694.05
604.63 4182.07
941.87 3191.95
3445.31 7978.94
2012.56 3539.06
1824.69 2593.48
2240.69 5478.06
2052.87 4604.02
2185.42 6974.11
4878.84 9471.12
1647.98 4230.06
2845.15 7463.48
4041.25 6610.67
1791.29 2775.14
3975.89 5506.21
1622.46 5265.27
1268.68 2207.01
2220.24 3142.03
1899.66 2565.20
4166.66 7578.88
903.28 5605.87
3681.01 6324.99
2939.95 7385.07
4695.13 9320.50
4233.81 8019.01
3428.89 8021.92
578.52 1852.55
4211.35 7542.36
2554.69 7268.58
3814.87 5345.44
1244.20 5392.77
4673.38 5897.50
3798.14 4902.99
857.15 1554.94
4981.64 9505.45
3610.01 4494.93
3437.63 4939.89
3028.90 4406.47
947.37 2882.63
4714.18 8606.60
4431.70 7574.76
3485.44 7995.66
3917.09 5825.12
2841.23 4313.00
1621.91 2489.24
1713.58 3290.93
3727.14 5114.09
2301.47 4826.74
1991.80 3861.66
2723.07 3907.75
1393.66 1937.97
1569.60 5112.13
1546.57 4856.31
4420.10 5625.29
3956.24 8090.51
3808.85 7196.78
1488.57 2994.10
2109.39 7015.05
2913.56 7364.18
588.67 3835.38
4029.19 5831.44
4324.06 7080.38
2689.21 3525.97
3992.83 7385.08
2206.62 3133.75
3288.17 5599.69
971.45 5329.22
854.04 2083.30
1878.74 5864.12
1145.69 1980.66
2330.88 6785.43
3722.91 7042.36
4671.32 9214.86
2436.35 5021.22
3994.15 6519.17
4542.82 6777.39
3827.27 6905.38
4490.89 5218.60
2626.11 5321.06
2831.21 7163.94
3122.09 4241.46
855.48 3660.26
4188.39 9109.16
3534.04 8312.41
3117.38 6508.36
613.34 5561.60
2845.52 5893.01
2478.95 4995.78
2591.02 7006.32
3812.94 4609.34
1940.31 4507.30
2530.97 7009.79
645.09 1878.18
3917.78 6688.98
3428.04 5177.02
1315.16 2076.52
1579.59 2461.47
3066.14 7545.36
802.64 2402.82
4257.59 7677.61
4491.16 8073.33
2579.51 4127.42
1629.65 6188.11
2775.98 5707.89
3184.99 3985.14
3228.31 7853.61
2867.14 7337.66
3315.36 6327.59
4414.85 6647.98
4494.67 7337.55
2693.35 3503.17
3104.25 6088.43
1191.70 6073.33
2463.40 3168.98
1481.80 2414.02
3625.60 8309.80
4014.39 8930.74
4943.35 9298.63
3686.05 6405.37
2287.18 4158.21
3019.47 7246.20
707.57 5305.42
3697.24 7220.17
2610.07 5722.15
756.05 2860.78
4666.20 6826.84
1625.79 3607.47
4644.82 6962.31
1863.31 3971.52
2523.07 4579.42
1751.67 6611.58
951.79 1717.84
4776.26 5671.39
4621.33 7294.87
2325.70 3445.44
4044.57 8889.74
4846.47 9098.61
4443.02 7197.96
2775.06 4039.38
4578.26 6820.61
2080.30 5536.00
3902.99 7109.08
4937.38 8485.19
4234.83 5246.75
4367.26 6125.15
2568.28 3687.21
829.04 3849.11
596.22 4912.76
2626.44 6555.24
1990.07 6442.21
3759.78 4794.41
3508.55 6326.04
3998.02 6160.82
572.42 1556.73
2927.12 6789.05
2726.67 6445.33
2317.62 3158.51
1135.99 3390.98
3888.70 8759.52
2766.92 5234.12
839.94 4886.38
2297.37 3466.35
1277.74 3671.33
4196.76 7600.94
533.62 1720.44
2856.32 6649.73
932.70 2297.56
1610.89 5252.85
3027.66 3922.21
4126.27 8792.29
4256.48 6109.41
3384.68 4958.77
2193.83 6214.50
2540.33 7334.10
3102.72 7121.21
1472.20 4914.86
2276.16 5545.73
3322.89 6376.79
4374.41 6894.05
1458.07 5077.34
3206.47 6232.10
2412.67 5263.08
3890.49 6625.29
1492.36 2621.74
