100 40 1000
47 23 16 4 29 6 1 14 49 27 12 49 37 7 28 2 5 42 2 36 35 20 4 31 45 24 2 17 10 33 20 8 8 36 11 38 43 13 4 41 39 15 41 25 23 21 29 29 12 32 14 48 3 19 31 47 44 32 13 4 16 35 11 25 20 24 15 14 36 18 6 25 34 47 1 6 19 31 34 32 12 49 31 14 18 11 10 13 42 23 16 10 7 27 36 28 2 50 41 37
19 46 13 2 44 16 7 14 46 42 45 8 41 26 21 10 36 31 24 30 5 40 41 11 18 26 38 19 28 30 7 46 27 22 48 23 37 6 36 32 50 33 39 42 8 12 3 45 42 26 26 46 17 18 8 34 44 47 4 23 28 13 20 4 34 19 26 22 27 14 3 26 46 44 17 5 7 19 1 48 46 27 45 13 44 4 48 39 50 4 13 27 16 33 32 1 3 8 22 29
23 26 4 18 19 22 22 25 40 22 24 38 50 20 50 46 23 47 36 24 50 1 2 17 33 34 17 37 43 40 16 15 16 19 32 36 41 5 13 32 28 38 19 30 8 20 25 32 17 12 8 18 12 9 37 46 44 5 33 36 45 48 2 10 18 35 47 10 41 9 42 19 47 12 48 6 32 24 39 50 35 46 19 49 7 5 44 50 12 26 38 6 25 41 17 43 26 13 2 16
24 45 36 20 7 33 27 40 8 15 39 43 13 9 41 19 16 36 20 27 14 7 32 38 48 50 32 25 14 36 42 37 32 28 8 40 12 34 29 20 1 19 14 13 30 6 33 45 43 2 21 6 11 4 46 10 5 27 34 18 14 27 5 46 6 14 37 18 50 16 39 2 36 4 16 15 11 48 9 3 49 31 9 11 36 4 20 40 32 5 8 48 32 14 45 37 29 31 6 28
48 46 29 34 1 44 50 11 43 11 16 44 41 24 4 27 29 24 18 12 30 25 9 13 40 3 2 19 34 7 48 31 5 29 16 5 22 16 18 17 26 33 10 18 8 13 46 36 38 14 49 18 40 8 30 32 12 31 2 47 40 49 30 46 27 45 2 1 12 19 19 39 1 28 7 8 40 4 45 30 17 44 49 9 3 28 40 16 11 43 13 2 41 44 49 20 38 50 22 2
19 40 40 21 17 48 29 8 2 25 39 20 18 37 30 22 17 21 38 29 13 2 32 6 45 30 25 34 29 48 35 49 37 27 20 5 24 50 14 27 24 5 49 44 41 28 15 7 1 4 35 13 5 16 18 49 47 44 33 26 41 19 26 29 45 45 35 21 46 1 49 22 5 47 15 45 27 31 4 27 35 40 41 41 8 9 42 4 2 24 31 45 44 9 23 39 3 10 11 1
10 9 22 14 8 38 10 36 18 15 14 4 5 4 45 14 14 36 17 18 11 50 12 4 8 36 44 12 45 4 12 4 13 35 19 22 22 29 7 40 43 20 45 49 23 39 12 37 26 31 4 36 30 17 42 39 2 35 50 49 41 14 4 3 50 23 26 22 3 32 13 47 1 7 48 23 48 9 11 23 39 16 11 20 32 2 10 36 36 10 36 28 25 39 30 24 13 7 47 17
38 9 14 38 16 11 13 15 21 25 37 12 41 47 31 24 48 43 11 36 2 46 13 28 37 45 3 49 1 50 16 41 8 31 28 25 43 42 39 13 17 28 24 9 24 7 32 24 49 45 11 2 42 23 31 28 19 33 29 22 34 46 12 42 26 41 18 20 33 9 32 1 36 8 9 11 16 42 34 16 36 44 19 28 19 49 5 39 33 35 10 17 30 23 10 7 16 27 26 48
37 10 50 22 17 8 33 34 49 18 49 37 12 19 14 32 17 20 20 1 5 32 17 36 4 28 43 19 5 20 18 43 29 17 15 47 26 49 30 27 16 30 13 29 48 28 10 16 47 30 17 3 11 35 41 16 13 33 37 19 2 6 11 33 23 27 29 50 25 11 26 41 40 40 21 40 17 31 5 16 12 23 18 22 10 10 39 22 42 25 40 46 31 2 30 5 29 8 6 3
18 32 45 10 21 18 49 40 48 5 5 9 28 24 32 37 34 20 10 27 47 1 24 29 2 3 35 32 11 40 37 30 23 33 39 46 50 39 35 47 44 39 5 23 14 38 11 47 8 20 26 6 22 49 34 25 2 20 7 14 9 43 43 34 25 34 29 25 22 15 21 17 5 28 39 18 17 49 17 26 20 42 31 41 40 16 16 43 35 24 6 44 16 1 29 40 36 7 16 7
23 39 24 27 18 14 46 34 15 12 10 34 3 42 27 45 8 44 37 42 17 45 37 32 47 15 23 32 23 39 40 45 27 15 21 46 29 17 29 43 30 40 28 35 32 4 29 39 47 17 32 13 13 19 46 9 33 19 40 8 9 32 2 35 46 25 32 24 43 10 18 22 2 46 6 33 1 36 23 50 3 4 12 15 22 10 26 7 28 17 14 36 48 17 22 46 41 3 19 35
14 39 9 15 36 16 47 38 2 19 37 6 25 1 22 46 10 47 2 37 16 17 24 13 34 45 10 26 49 29 11 14 19 19 29 6 34 27 43 37 48 30 42 22 30 16 19 41 14 23 29 29 39 2 44 24 48 3 50 48 33 12 11 3 32 39 8 17 18 1 4 15 32 47 38 13 14 6 3 28 28 31 8 17 34 1 42 31 6 41 28 38 4 38 43 35 29 50 2 46
2 7 12 33 5 49 45 19 6 49 46 34 31 3 2 14 6 43 44 11 36 23 50 39 11 42 26 41 44 29 36 45 35 49 30 39 49 24 7 4 25 4 37 5 9 40 19 14 35 14 24 22 37 25 12 49 19 37 39 12 15 26 6 1 24 35 42 22 11 48 25 35 4 14 41 12 3 11 25 39 25 50 10 11 26 22 11 44 10 49 5 25 24 13 27 47 47 18 18 9
18 44 45 21 7 36 34 12 46 10 50 22 11 12 34 36 33 44 30 42 42 36 18 17 48 45 13 45 12 32 3 31 26 50 1 34 35 34 47 32 43 49 4 3 10 39 41 44 33 22 37 26 7 5 43 5 1 7 1 14 39 5 45 16 4 47 1 40 33 48 24 27 46 27 32 7 17 22 50 49 43 36 27 1 42 19 7 42 25 9 8 15 14 2 30 19 48 31 11 30
28 34 9 25 12 40 31 28 11 32 29 5 19 5 5 11 25 12 4 49 20 11 14 35 12 45 6 12 25 18 43 4 1 1 28 14 40 10 43 2 43 21 6 12 27 13 22 1 26 27 2 47 38 17 34 1 11 41 14 36 8 9 41 10 9 19 23 1 30 15 4 23 38 12 36 16 26 7 17 1 35 18 47 22 36 32 25 46 22 38 31 29 46 22 38 7 42 12 9 23
29 14 47 18 25 32 33 50 40 1 2 25 20 49 48 5 30 22 1 4 12 33 32 9 6 22 15 49 35 25 22 15 39 18 32 15 50 17 15 41 17 16 15 37 16 13 43 48 34 43 1 45 26 34 4 31 7 20 30 42 47 3 6 35 22 40 49 21 6 15 14 24 33 28 10 48 40 3 47 26 47 47 22 22 33 25 5 39 47 36 32 45 40 38 29 11 29 29 34 34
44 47 7 26 24 19 25 16 23 22 41 19 20 12 43 4 39 49 43 37 34 24 31 25 13 9 35 41 39 18 26 34 14 35 11 40 5 36 5 27 9 45 47 30 8 39 34 46 37 26 32 22 1 12 46 16 22 31 8 11 50 34 46 16 20 7 5 24 42 11 2 2 7 48 31 14 37 14 10 25 41 43 47 42 5 44 7 28 26 14 40 28 49 36 43 20 42 49 43 35
9 46 36 15 44 16 28 32 32 39 6 22 32 4 13 38 50 21 15 25 37 7 2 37 42 46 7 35 44 1 19 4 47 6 18 42 23 48 23 4 36 28 28 19 34 42 6 33 13 23 7 1 29 11 39 22 6 45 6 2 48 26 5 44 31 25 35 5 24 9 11 11 36 38 30 19 29 37 1 43 9 10 45 39 22 34 10 27 28 15 30 27 40 37 22 22 13 8 29 36
16 39 48 2 26 29 22 6 16 25 49 26 34 45 17 7 28 26 33 8 43 15 34 34 1 6 6 15 13 34 50 29 24 49 32 49 28 5 6 45 29 4 22 14 1 38 20 28 14 5 37 8 21 21 41 23 28 48 37 42 33 38 22 6 36 3 4 15 10 10 9 40 15 31 6 17 18 25 45 33 31 31 40 1 3 31 23 30 28 11 24 11 48 45 16 34 50 22 48 9
33 7 48 49 39 3 16 8 30 12 41 12 44 32 15 47 12 39 28 42 50 1 4 47 46 21 30 45 44 30 5 26 38 2 27 26 7 44 33 36 7 25 49 50 7 13 48 20 2 28 11 1 28 14 47 25 35 29 21 28 8 25 6 45 29 34 22 35 29 6 22 35 33 20 36 39 33 34 10 34 13 21 36 40 36 32 17 22 10 37 2 19 14 9 15 44 44 38 28 22
44 1 8 28 20 43 16 4 28 27 39 40 47 24 32 35 8 48 6 19 36 7 38 1 17 4 44 10 42 23 31 37 23 38 14 45 33 31 50 10 7 39 50 6 14 33 40 23 30 45 42 17 4 31 20 22 34 13 32 27 38 12 13 10 2 28 6 34 10 6 45 17 46 46 24 11 28 13 34 9 9 25 28 14 5 47 36 40 9 17 19 48 30 31 8 33 11 15 16 20
22 13 38 17 8 11 30 36 23 13 46 34 39 23 47 45 19 34 34 30 50 2 27 32 35 36 14 45 1 32 16 24 44 4 41 1 14 22 38 39 34 36 22 22 8 20 16 29 4 1 10 5 3 38 38 39 24 2 35 26 35 50 49 28 3 41 30 17 12 20 7 47 5 28 18 14 49 35 42 2 36 3 9 40 41 46 28 14 47 12 41 31 11 41 10 16 32 40 34 45
11 40 42 15 19 11 30 17 46 22 19 31 26 27 20 16 24 47 29 21 10 21 3 22 12 15 37 45 4 22 39 16 11 32 32 29 43 11 48 38 34 16 18 10 44 39 25 17 37 6 39 46 26 44 19 37 8 6 31 13 29 22 28 40 3 9 20 45 19 17 32 3 34 1 12 29 39 36 46 25 43 36 22 19 29 41 7 36 48 40 48 26 11 27 17 13 35 39 10 6
5 41 10 41 44 21 19 34 8 16 11 1 2 32 21 32 24 27 18 23 16 17 49 26 44 17 41 30 5 50 35 12 42 44 2 35 16 22 21 26 38 31 28 41 14 48 22 40 24 41 12 42 8 12 19 3 29 9 34 33 8 19 46 2 14 47 38 32 21 8 7 10 40 36 50 4 33 23 43 8 14 6 49 23 18 18 27 46 28 10 30 38 30 26 39 46 24 26 27 44
36 35 3 25 20 4 30 4 27 24 11 42 30 12 16 47 31 42 44 8 1 23 47 33 50 37 28 24 15 6 19 50 42 24 26 13 27 6 16 5 29 26 48 8 39 13 6 19 4 1 29 7 26 25 41 25 12 18 50 28 25 21 27 16 44 2 28 22 7 45 29 38 20 26 47 11 39 5 29 44 5 9 2 32 34 42 7 47 11 8 24 35 28 2 2 23 3 31 45 12
25 25 1 45 50 47 7 40 3 35 36 8 44 37 39 29 31 47 27 41 7 50 28 36 3 31 9 7 12 5 20 36 29 20 32 30 19 38 20 21 25 5 30 20 43 21 48 23 19 26 16 25 25 45 11 29 25 21 35 36 27 5 22 7 24 3 36 42 41 5 15 17 11 44 36 4 16 35 28 35 10 43 9 34 37 21 14 12 41 48 49 19 2 20 25 26 25 11 19 15
17 35 33 28 31 18 33 46 2 10 30 11 5 41 46 41 13 9 4 4 6 3 22 8 24 47 35 48 9 5 14 25 42 46 4 22 13 36 17 14 48 49 24 2 41 21 44 3 29 48 8 35 2 32 44 25 30 30 25 38 34 38 14 25 34 18 48 46 3 15 12 2 15 37 3 7 8 47 9 36 46 19 22 49 50 15 23 29 44 47 18 30 37 31 4 20 48 2 17 3
18 28 4 34 15 9 42 22 7 2 7 2 20 29 2 19 45 26 49 39 25 18 18 11 49 23 30 48 26 46 50 45 24 6 28 40 14 19 11 22 21 19 23 42 49 24 13 44 49 13 34 23 31 1 35 29 25 14 26 1 12 28 45 37 33 25 26 48 45 36 19 17 6 43 9 5 18 21 48 18 33 31 43 15 33 27 43 9 43 21 11 4 48 8 40 32 32 15 31 28
2 49 45 7 43 5 13 12 27 10 29 11 42 23 26 26 50 20 35 44 40 45 47 39 2 38 20 35 4 50 13 7 50 9 15 44 15 28 5 41 39 36 3 31 8 28 8 9 50 44 2 39 39 50 28 42 37 49 29 42 1 41 48 50 1 13 44 15 40 50 7 30 35 9 10 43 39 20 3 38 13 5 28 3 6 7 45 45 6 23 36 6 15 36 7 17 48 2 33 39
2 39 18 36 49 30 30 39 1 33 28 13 39 6 16 46 12 12 40 19 36 28 24 2 13 31 18 12 32 50 2 35 40 19 21 40 50 2 31 50 36 8 15 26 13 32 22 27 43 11 45 30 40 21 31 2 1 50 15 34 49 16 19 40 37 41 31 38 42 11 38 28 19 4 5 33 35 26 9 27 39 6 8 28 26 38 32 28 37 48 11 37 14 31 26 2 21 8 39 15
19 28 44 39 31 48 21 17 24 32 45 12 37 2 41 12 39 22 41 25 22 1 13 35 32 40 38 4 48 28 18 16 6 11 6 38 9 26 5 32 9 49 45 45 1 35 8 41 9 48 18 30 1 30 16 34 20 3 37 17 32 5 34 37 15 39 27 23 16 33 6 25 33 50 21 35 37 31 26 47 30 43 28 30 24 43 13 43 47 50 11 28 4 44 17 20 34 45 45 2
27 50 26 11 2 48 46 40 28 23 36 8 15 13 37 40 7 2 33 5 3 43 34 8 39 50 27 24 44 21 25 22 23 2 33 24 50 30 15 27 2 50 36 16 14 25 5 22 26 39 26 28 34 9 35 24 11 13 47 6 36 24 30 8 25 14 33 24 43 47 3 44 46 38 11 11 14 17 32 39 6 9 18 39 19 4 14 29 17 10 37 2 33 16 11 10 31 43 35 23
39 37 16 34 27 26 46 42 42 27 31 47 35 50 37 5 4 2 36 22 12 22 25 46 39 35 5 19 27 40 41 15 28 8 50 6 33 45 48 24 23 30 23 9 29 11 13 34 13 48 7 26 21 31 21 11 17 28 29 43 19 21 9 48 28 10 6 12 4 3 38 28 34 10 36 14 22 49 50 36 48 6 11 19 39 34 31 5 11 10 50 31 32 10 28 12 20 33 23 25
37 10 3 22 21 40 36 43 40 35 30 38 42 41 8 30 26 38 37 38 49 38 18 33 49 47 44 20 32 18 45 20 30 49 42 50 38 27 44 28 13 24 17 6 16 24 36 41 13 24 28 14 13 47 46 11 43 41 31 26 8 27 46 39 25 37 39 14 15 34 41 27 9 9 32 24 34 19 16 47 44 45 12 8 41 7 19 36 49 1 11 8 29 6 47 3 42 37 18 8
20 11 34 29 19 18 4 3 38 20 1 32 16 12 39 7 20 9 42 18 11 4 27 39 10 23 43 3 9 11 11 29 21 46 9 41 13 14 43 3 35 45 36 1 8 24 9 27 35 2 46 45 5 23 36 16 47 28 21 6 38 31 36 10 28 46 1 43 9 45 45 46 40 30 46 49 5 4 26 41 5 23 36 11 47 23 27 44 50 47 1 40 29 36 1 6 31 1 48 41
48 44 36 37 23 33 35 28 38 12 18 42 37 5 5 35 29 33 28 31 29 28 20 9 15 22 14 47 23 14 38 20 7 25 8 32 8 44 11 45 8 28 39 44 35 45 28 15 27 8 45 5 37 16 13 2 38 28 50 12 43 39 33 50 14 42 31 23 35 41 19 42 20 7 37 6 1 17 21 27 26 17 33 12 33 47 15 22 27 15 33 19 3 17 18 16 8 50 40 44
42 9 38 14 15 24 21 18 42 43 46 17 10 31 29 44 27 45 15 3 9 49 24 12 17 41 29 24 43 21 19 36 29 6 49 45 32 20 12 23 12 10 42 23 40 22 16 18 16 32 21 25 32 44 38 48 36 18 23 30 38 42 16 16 49 16 11 30 37 24 5 1 35 46 23 24 19 41 42 34 24 14 10 6 9 47 5 46 17 28 26 4 21 43 22 19 10 34 49 47
9 5 49 44 2 23 17 20 15 10 3 39 23 13 46 33 11 50 29 27 29 6 33 49 50 4 20 9 37 18 7 45 24 5 40 25 28 7 44 42 18 48 32 41 12 27 25 23 29 3 49 7 8 31 8 7 36 27 18 24 46 24 21 21 31 10 45 10 18 40 3 36 39 35 28 1 13 2 23 43 5 23 2 14 6 9 23 41 37 42 15 34 17 37 4 47 46 50 6 14
39 11 49 27 45 26 29 9 29 1 4 35 24 5 49 31 15 23 21 1 16 37 36 32 23 39 29 21 38 36 34 28 46 34 6 42 11 35 3 39 35 6 24 10 10 24 40 26 48 13 26 13 49 13 44 24 1 24 46 38 12 29 17 7 14 22 1 26 6 3 14 43 10 39 2 19 14 44 44 13 6 21 27 6 33 23 31 35 46 26 24 9 6 40 18 19 13 18 46 19
22 12 11 31 50 14 1 16 9 46 30 16 18 7 22 2 31 4 38 26 30 11 37 37 2 4 8 14 21 3 32 44 14 44 26 16 10 28 33 18 25 12 36 42 20 9 45 50 12 32 28 43 44 14 30 45 17 37 8 39 41 42 32 5 37 9 20 46 36 2 16 10 15 1 3 35 9 49 34 22 30 13 15 25 26 46 19 42 32 28 32 24 19 15 28 6 23 49 3 10
