10 20 500
91 54 80 53 72 70 2 28 36 85
14 94 3 27 13 54 35 66 29 57
72 47 66 79 13 68 14 86 23 10
53 13 15 85 17 87 54 18 14 89
54 79 34 57 57 47 62 92 12 91
48 35 89 13 65 1 33 31 87 55
40 91 19 6 75 35 92 80 4 57
21 58 35 6 66 92 52 27 83 15
69 82 2 57 47 66 10 79 96 48
85 87 38 55 93 65 89 84 96 44
93 16 53 27 22 18 70 25 97 4
92 65 38 45 74 84 10 83 14 58
30 98 96 19 52 88 83 92 24 31
87 16 46 40 94 19 9 16 96 5
71 39 22 8 83 95 43 44 29 56
53 10 5 49 80 8 36 15 51 11
45 38 26 42 29 72 61 37 39 8
42 9 98 63 69 80 9 63 75 89
19 28 50 75 76 29 35 63 43 85
74 87 74 51 29 2 74 41 91 12
