20 30 500
13 86 11 34 37 37 6 85 76 26 47 76 74 40 51 74 88 97 25 50
84 8 14 6 66 98 43 5 71 56 8 83 41 70 68 30 6 73 66 34
50 12 9 23 3 59 48 42 7 72 91 90 31 5 95 97 54 89 53 24
45 60 58 37 81 26 66 87 98 31 20 100 42 80 74 96 91 22 38 97
93 28 87 76 32 33 72 38 22 24 61 66 36 19 2 16 96 20 54 45
50 25 44 44 5 18 39 47 39 76 43 31 56 81 58 39 14 29 76 87
5 37 4 92 7 57 7 2 76 61 46 78 37 42 21 41 59 11 39 97
39 82 79 94 14 37 32 79 17 60 65 21 48 68 12 6 25 71 59 52
83 56 29 19 97 1 12 55 12 50 3 2 83 82 47 49 70 30 27 86
89 44 59 36 63 22 41 39 92 99 91 26 55 19 45 3 20 8 58 83
57 60 84 92 93 30 40 14 59 66 100 48 9 10 35 72 83 28 10 75
78 52 52 84 71 48 87 42 55 44 24 12 55 7 3 48 88 42 61 46
59 12 45 20 73 32 43 56 59 4 82 36 56 33 20 26 81 6 67 35
1 42 98 55 48 52 54 87 45 67 32 4 30 29 75 3 60 17 10 70
20 91 57 75 75 28 52 55 85 70 42 85 11 39 92 10 43 97 96 87
63 80 42 45 60 16 99 71 32 8 40 52 98 48 78 24 76 30 79 60
99 72 97 62 62 88 71 4 36 67 43 99 98 84 95 57 52 93 27 83
100 18 86 49 65 16 72 40 45 2 52 95 73 48 56 35 87 27 90 22
45 32 72 94 16 66 50 67 58 76 1 9 45 39 57 9 54 81 1 50
82 4 44 55 3 52 41 89 30 30 62 74 62 86 67 77 3 68 95 13
95 47 21 39 85 30 99 90 10 99 39 91 2 83 45 4 34 85 44 63
67 58 88 28 43 6 56 45 73 2 57 67 48 30 57 85 59 55 74 20
54 13 10 7 95 7 63 80 43 58 94 9 15 33 88 9 38 43 54 62
44 62 28 92 43 36 28 53 90 1 72 95 13 34 2 59 92 16 90 34
73 83 95 40 15 82 48 4 77 1 65 20 15 44 63 57 79 90 62 69
91 33 63 55 18 16 14 9 83 3 95 56 38 89 95 4 22 94 8 50
95 72 22 61 68 84 69 46 26 30 66 68 15 81 22 32 48 87 41 31
42 35 38 31 75 84 34 48 77 41 98 23 65 19 35 84 54 4 29 31
85 47 98 99 27 72 83 74 10 23 56 51 9 93 81 83 28 67 82 5
7 79 79 23 49 14 6 55 17 87 85 53 33 83 52 59 6 34 84 15
