100 40 90
24 3 9 50 7 25 34 3 3 35 8 18 21 21 23 41 40 10 38 34 7 34 5 18 8 38 13 48 46 25 43 19 28 1 20 36 25 3 38 27 38 47 47 10 18 19 50 9 30 39 42 38 22 48 5 29 36 19 27 31 44 21 1 23 23 20 8 50 25 47 26 14 43 24 23 10 43 22 18 24 12 12 12 33 9 18 11 44 37 39 26 32 11 28 4 34 50 11 33 24
9 10 37 1 36 9 11 28 32 30 3 43 43 14 27 4 34 39 49 20 30 27 1 40 4 6 25 3 18 9 26 26 21 14 26 6 24 38 35 7 20 37 1 12 3 27 17 36 16 16 5 45 42 7 36 47 12 11 50 29 19 27 4 39 43 31 44 18 19 28 25 38 17 25 1 19 2 18 4 19 35 10 13 28 18 48 24 31 10 25 9 31 4 14 21 46 44 15 13 14
44 39 3 12 14 4 30 17 23 35 35 7 46 49 34 13 48 9 45 8 34 5 40 39 18 10 36 14 26 50 29 20 39 32 33 2 35 13 20 7 49 4 15 47 4 50 11 1 10 6 10 43 10 49 33 30 9 18 43 34 18 23 5 6 4 38 9 38 2 28 46 2 33 12 48 36 13 9 36 23 16 48 17 25 46 50 4 4 17 48 40 36 21 44 41 24 33 1 14 34
28 11 38 12 23 35 47 35 45 35 7 10 32 24 35 29 25 40 35 41 38 24 27 10 19 19 33 2 22 48 37 1 9 24 13 33 11 11 19 7 47 26 17 30 1 3 9 25 42 43 17 31 18 45 40 36 16 25 39 37 22 26 37 32 1 1 14 13 12 33 20 8 10 36 38 12 40 48 38 31 42 4 14 9 1 5 44 16 29 33 2 3 10 40 36 10 41 2 23 2
36 42 11 45 29 50 8 18 47 45 50 38 48 13 46 48 20 42 15 50 26 18 4 35 8 40 46 50 41 20 3 28 13 13 22 41 13 29 10 11 23 10 49 22 24 46 22 43 39 36 43 14 6 48 50 15 37 48 14 29 17 16 6 32 30 29 24 42 9 34 5 33 45 5 7 20 50 28 15 41 15 9 6 20 6 6 36 45 5 49 23 23 14 31 4 44 11 30 37 20
13 43 4 9 47 10 30 49 39 44 39 4 2 44 25 10 1 11 4 7 11 28 30 25 8 35 20 19 14 8 40 28 1 43 36 49 3 18 47 41 11 35 46 15 31 21 26 33 33 29 40 43 6 21 19 14 5 40 34 19 50 23 46 2 15 34 50 17 1 47 10 13 33 5 29 15 27 4 48 9 32 39 4 40 9 24 5 15 16 38 33 15 10 31 16 26 14 15 45 16
13 4 30 48 8 9 12 37 12 11 47 46 1 50 35 9 26 39 26 41 28 8 5 39 38 22 14 3 38 10 18 1 13 48 48 23 8 11 9 19 22 5 16 22 7 50 33 32 40 8 22 19 17 28 7 5 49 23 9 36 32 27 36 45 26 35 17 33 46 27 3 17 31 19 40 37 20 24 20 12 31 41 30 48 18 37 4 18 9 12 4 40 40 41 36 15 26 4 49 23
30 2 41 13 22 30 49 41 6 19 2 36 11 32 35 31 20 38 48 28 2 3 19 41 44 7 8 21 10 6 43 42 9 33 4 30 14 4 23 19 24 26 7 35 7 43 17 28 33 14 7 34 17 28 26 12 34 33 32 43 41 26 34 1 10 37 31 23 43 5 44 16 30 2 50 39 44 16 16 26 32 25 9 50 2 37 11 35 19 44 29 11 19 13 12 28 1 44 2 43
48 47 9 29 48 10 17 42 28 35 19 11 9 30 10 10 16 22 46 36 15 24 47 33 36 10 10 39 3 13 33 2 10 43 30 7 3 47 50 32 33 21 42 41 50 3 2 17 24 47 2 38 20 50 20 8 9 31 48 13 43 30 14 2 23 44 11 27 42 12 8 26 32 1 18 31 3 19 49 26 17 1 15 38 2 34 45 13 16 42 25 8 24 39 12 46 34 24 22 27
35 31 2 17 31 19 49 35 39 48 12 5 50 26 42 1 11 39 15 26 32 40 35 5 30 48 50 15 21 23 41 6 5 42 24 35 12 22 21 50 19 32 4 18 7 47 21 19 35 35 44 19 26 31 23 7 28 25 21 1 49 13 8 4 6 31 40 17 2 11 16 21 42 21 40 1 18 12 19 4 49 15 22 24 45 47 31 24 21 3 26 21 16 33 24 21 13 14 38 15
26 3 37 19 26 28 19 43 40 40 48 38 4 22 13 50 18 43 25 40 46 1 10 11 35 36 33 48 1 20 14 26 25 2 44 50 31 15 44 20 4 43 9 9 14 22 10 33 16 34 24 13 36 36 25 21 21 8 20 21 29 33 48 3 36 43 4 16 7 49 38 12 42 46 22 7 19 31 40 37 17 13 1 2 48 26 22 20 35 41 42 13 25 39 18 12 32 21 28 40
20 15 4 11 12 25 17 33 6 8 19 22 23 19 25 22 46 47 42 30 39 33 45 16 24 12 27 7 32 4 48 3 20 1 15 32 26 32 14 33 41 34 6 13 4 30 35 50 28 28 31 17 12 25 34 37 36 12 43 20 16 41 22 37 43 37 20 20 20 35 2 12 18 7 25 24 37 11 23 14 38 5 32 1 30 17 38 17 29 32 38 46 24 10 32 17 48 2 36 19
38 38 30 6 46 6 31 32 16 3 48 5 9 31 8 38 48 45 7 26 26 44 21 50 5 4 18 4 7 3 22 45 42 4 2 38 9 32 21 27 36 20 33 44 1 42 34 50 36 40 25 14 35 47 15 42 50 32 45 7 34 19 3 28 24 4 17 32 35 37 10 20 9 45 13 11 36 46 10 24 37 36 37 24 34 1 15 33 32 9 41 17 29 45 46 2 48 12 36 32
1 47 1 9 41 16 19 29 11 28 2 50 13 40 23 46 40 37 30 23 47 23 41 28 17 37 29 15 50 16 48 50 13 49 8 5 14 26 35 26 5 38 27 19 27 49 16 18 37 48 42 34 20 35 13 38 21 41 4 20 9 2 22 23 2 29 27 17 7 14 44 11 1 21 30 28 21 45 47 8 42 39 43 13 23 5 3 45 47 6 16 7 9 37 29 12 18 6 30 24
19 24 34 21 46 15 48 16 10 47 25 3 35 17 16 9 23 18 3 22 25 20 28 36 7 7 49 24 14 29 47 34 4 32 4 49 47 4 16 8 50 41 10 36 9 27 44 34 44 48 5 21 17 32 8 25 38 6 50 1 34 48 36 39 30 40 37 28 43 5 35 44 47 44 29 5 21 24 38 16 21 44 38 39 26 45 14 15 1 15 18 36 13 3 25 44 42 13 21 36
17 5 29 13 50 9 20 22 32 9 40 4 3 27 45 30 24 10 44 24 24 13 9 36 16 35 29 7 48 49 45 14 5 23 29 7 32 50 30 15 10 19 19 14 48 13 43 21 22 39 46 47 1 4 33 16 39 13 25 38 14 19 1 20 43 31 26 24 30 8 41 40 28 11 3 25 23 48 47 46 36 42 44 38 48 26 4 38 39 30 25 4 48 27 23 40 8 49 16 39
8 6 28 35 16 33 10 40 30 8 37 17 50 30 4 47 8 9 36 48 38 10 1 37 38 23 27 45 23 44 34 30 1 13 15 16 45 26 7 26 33 45 42 34 26 46 32 33 4 17 30 42 28 32 30 16 5 6 12 29 1 45 11 1 10 27 18 4 2 26 30 36 20 23 22 46 18 3 28 24 22 10 17 49 41 46 16 47 4 28 26 4 24 36 7 33 12 24 39 15
50 20 2 19 42 23 16 12 28 44 35 49 5 1 49 45 46 15 44 1 44 21 5 17 8 11 2 21 36 40 37 35 11 38 6 2 13 21 13 40 16 49 38 20 1 36 17 47 2 12 47 45 32 3 12 39 15 15 9 1 4 45 37 14 34 42 17 46 15 32 35 30 32 24 2 33 10 18 31 11 29 29 8 12 32 21 50 48 35 10 48 40 6 35 5 41 28 21 37 44
4 23 24 36 47 27 18 8 46 48 20 26 26 27 37 9 47 38 7 31 49 6 20 4 42 24 46 20 47 34 13 50 7 38 37 3 16 4 12 11 3 31 36 31 8 22 41 4 9 47 37 7 5 6 12 46 32 10 15 28 43 30 29 49 19 16 3 35 21 14 45 24 45 31 6 2 4 46 7 15 45 43 21 49 1 35 44 32 44 11 11 38 42 39 37 12 4 41 48 25
5 43 50 1 25 7 4 30 4 12 44 48 5 17 48 7 3 44 38 46 6 48 33 47 38 21 10 42 12 8 18 18 2 19 20 28 27 23 7 30 34 1 30 40 19 29 46 21 22 35 18 27 32 2 25 22 23 35 15 36 42 34 5 43 4 24 20 30 46 28 11 31 30 40 21 48 19 18 18 40 3 35 19 34 37 43 7 11 27 21 46 20 4 50 14 7 25 35 36 20
13 49 2 42 38 24 40 8 42 9 50 44 44 18 29 30 12 36 40 39 6 37 10 12 38 24 18 12 8 6 33 22 4 34 14 43 8 5 1 1 13 50 44 8 19 22 37 30 7 28 20 15 16 30 26 3 5 45 16 14 50 48 36 5 34 1 48 43 5 50 43 19 1 36 27 19 9 15 50 18 45 20 32 10 1 9 15 5 3 32 18 3 30 5 9 15 5 6 7 9
5 1 28 5 38 6 25 46 20 25 13 14 46 44 26 46 2 42 2 7 23 19 11 4 26 19 18 30 25 26 39 31 28 18 38 15 23 12 11 44 38 23 8 33 19 35 28 22 26 29 28 50 50 38 4 25 9 23 4 35 1 44 15 28 13 4 43 37 16 5 31 5 29 40 38 47 24 15 21 1 46 50 50 47 40 5 23 48 28 28 32 30 22 46 7 36 2 1 23 17
7 3 21 36 44 10 34 19 27 4 19 22 6 20 20 45 25 42 42 4 19 23 33 42 20 39 30 21 42 2 39 48 6 12 35 49 21 19 19 47 24 37 20 29 6 41 23 32 32 16 35 3 38 17 46 10 8 25 32 1 28 21 48 33 34 33 33 4 3 1 3 26 39 24 7 47 15 31 28 48 47 15 50 36 33 48 47 40 22 29 40 2 1 40 34 34 24 19 39 26
21 41 3 10 17 11 8 31 42 35 28 40 1 30 27 34 27 26 23 50 4 15 1 4 4 37 39 29 5 27 4 27 20 8 36 36 19 45 16 12 32 45 1 32 24 29 15 50 4 40 50 9 6 2 14 11 38 2 39 44 29 42 21 50 49 6 35 19 3 50 30 34 44 32 15 20 11 32 19 16 21 20 27 28 24 40 38 11 42 26 5 22 19 25 21 19 32 5 38 34
6 19 17 1 1 34 20 13 15 41 30 37 12 6 14 35 46 3 48 39 28 2 10 48 28 32 16 9 38 5 45 45 24 13 45 26 46 17 38 12 9 17 50 22 23 13 7 20 17 6 8 44 7 19 43 36 2 9 46 39 15 40 35 38 5 31 15 2 49 2 16 7 21 15 29 45 30 37 14 46 44 23 42 2 43 34 37 44 44 32 34 9 24 18 48 30 48 13 31 49
14 46 5 36 13 35 30 42 23 45 37 16 17 30 19 11 14 5 4 7 37 37 15 12 6 13 41 6 27 23 4 40 19 10 28 33 47 9 24 21 4 12 39 22 42 7 33 7 12 38 13 50 25 30 13 32 44 3 37 20 25 42 11 45 2 38 27 50 47 2 20 2 16 8 25 9 15 7 15 26 45 29 27 21 8 39 4 3 41 43 22 17 34 33 14 37 22 42 36 20
46 8 23 11 15 48 19 29 6 33 6 2 13 32 24 21 22 28 23 12 20 47 31 5 31 46 44 4 39 31 24 34 38 48 44 3 45 14 33 3 48 41 4 11 22 30 33 44 7 7 7 28 3 39 34 33 34 27 37 25 10 12 8 47 9 4 1 6 19 36 8 17 26 13 29 47 42 11 42 50 17 1 29 22 39 15 6 25 43 42 49 2 5 8 1 16 11 1 21 30
36 30 48 11 44 26 10 36 36 1 37 4 3 16 25 44 32 31 18 24 24 18 26 31 25 26 46 38 26 18 19 14 49 16 24 42 43 35 27 28 38 16 33 40 33 8 33 14 40 2 37 15 21 12 45 46 39 42 35 17 9 5 30 7 20 5 49 14 40 27 43 29 44 25 18 26 34 3 39 25 4 28 40 25 41 34 22 30 26 8 46 36 12 25 45 33 31 45 46 22
23 38 50 17 12 20 42 48 22 33 22 27 10 11 1 2 47 24 31 24 31 26 9 44 2 5 26 33 49 23 6 22 10 6 38 24 25 31 23 46 15 44 24 26 7 25 28 3 50 8 28 33 36 38 26 37 43 4 21 41 26 27 14 38 34 3 11 8 34 35 5 50 28 30 26 34 4 5 38 6 14 15 38 49 3 15 38 45 18 8 37 46 36 3 33 19 5 45 28 40
29 34 40 8 14 17 44 19 21 31 26 34 48 13 35 50 30 22 46 49 29 34 44 17 36 28 37 41 24 15 32 4 50 21 14 15 39 7 34 11 39 9 47 36 24 31 37 3 2 34 3 32 18 49 50 5 28 37 45 2 3 27 7 2 49 22 19 40 28 4 50 19 14 46 4 37 26 43 41 29 26 44 13 45 44 12 50 21 48 46 22 50 24 31 4 25 2 22 14 32
25 13 50 38 9 5 27 36 49 19 15 25 14 27 19 7 38 20 28 38 16 1 39 41 33 42 15 37 15 28 18 41 41 19 31 1 25 9 36 24 27 2 50 41 30 20 49 18 40 26 7 7 29 45 47 11 37 12 47 3 41 16 44 31 36 26 33 11 34 19 34 10 22 33 2 2 2 1 21 43 28 27 49 8 21 48 19 9 9 17 12 49 33 7 32 20 32 14 30 15
34 15 26 8 49 28 9 3 30 29 45 9 5 46 17 27 43 37 38 3 3 1 1 37 7 34 7 40 50 38 4 33 3 31 40 1 10 50 5 41 28 50 50 34 47 18 13 39 6 50 41 10 50 43 47 8 27 5 47 28 44 2 12 46 32 4 49 44 3 3 34 33 4 35 18 2 2 30 40 7 31 32 17 30 25 15 39 3 21 35 30 16 38 41 12 22 44 12 15 49
16 48 31 22 33 48 23 36 30 15 45 10 46 13 42 20 27 30 24 49 17 5 14 4 46 27 25 41 40 41 39 8 39 21 29 23 21 3 8 50 17 2 11 13 14 2 34 42 34 10 42 50 14 8 5 9 34 32 2 26 22 42 33 10 15 13 34 35 15 42 34 34 45 44 46 11 48 31 4 31 40 46 32 4 3 38 14 38 19 17 15 41 9 47 2 23 11 38 9 26
29 42 11 25 37 6 35 34 38 39 16 30 36 49 35 40 37 48 27 5 17 44 47 27 42 1 49 3 38 9 30 18 50 40 42 38 47 27 24 34 15 39 15 50 38 49 39 24 49 17 30 15 12 29 41 4 29 41 8 18 49 37 35 50 26 26 37 24 4 10 9 20 1 24 21 40 22 11 13 22 30 44 36 41 22 28 46 50 18 3 19 18 39 3 19 16 31 6 41 36
17 50 6 19 23 28 8 46 39 22 18 18 16 3 10 37 33 6 39 2 10 7 20 1 12 38 18 44 45 9 29 14 8 36 32 32 14 40 27 2 11 44 21 26 49 32 15 33 39 5 34 49 11 3 49 24 43 16 19 37 24 48 2 33 35 34 14 48 25 43 1 35 38 23 13 36 5 29 20 43 33 4 43 45 6 41 19 50 9 37 39 34 36 40 17 21 23 30 20 47
22 23 34 10 45 48 47 1 28 19 46 10 22 38 4 29 31 24 29 39 13 17 22 50 8 40 20 31 22 42 29 45 14 14 6 10 13 5 11 40 23 6 1 44 43 5 24 25 30 2 13 42 20 37 42 28 28 13 10 49 6 40 46 19 6 1 29 20 7 41 10 29 46 10 24 40 16 48 15 46 1 29 39 21 15 32 50 45 47 11 43 2 2 38 23 7 41 3 27 47
43 38 28 40 49 1 29 15 48 45 12 1 24 50 21 40 34 22 34 30 34 27 33 35 16 7 44 8 11 22 5 3 9 32 44 9 34 23 23 34 17 36 34 40 36 6 32 21 27 15 2 10 41 36 46 9 43 39 16 3 10 22 8 20 5 1 29 39 25 3 24 44 39 7 35 26 12 16 46 40 31 49 49 23 34 46 33 26 35 1 31 46 22 40 18 29 42 48 19 17
50 42 12 38 48 46 15 11 14 12 50 44 10 50 18 44 45 1 21 31 1 1 29 24 42 46 4 34 43 22 2 44 15 13 34 14 10 48 24 23 10 23 18 19 24 36 14 19 36 35 1 38 37 29 13 29 24 17 12 18 38 15 14 5 27 47 18 36 44 42 11 5 16 28 26 40 15 39 10 50 23 10 39 10 39 2 38 14 18 1 34 7 15 47 11 43 43 31 30 38
24 40 45 39 20 20 30 34 8 41 34 33 1 24 42 41 25 31 6 44 31 41 1 47 37 13 39 31 43 18 21 16 8 15 7 27 34 38 10 43 29 45 25 31 19 16 23 45 48 28 39 28 19 41 24 7 5 12 38 48 30 10 15 39 24 23 17 9 13 26 1 41 23 28 23 43 45 45 37 43 24 27 20 44 19 46 1 24 9 40 21 40 49 37 28 24 12 44 32 24
22 34 16 44 11 38 38 8 34 24 50 7 3 21 1 21 16 3 44 27 42 16 16 42 5 46 17 16 41 48 39 12 33 6 7 46 43 44 3 26 20 2 32 22 22 34 42 40 36 38 18 29 3 33 22 9 28 38 24 21 35 14 32 20 19 39 15 11 32 17 38 1 18 22 24 41 5 18 30 43 5 47 21 9 32 43 18 11 30 43 31 17 7 15 36 25 3 50 38 36
