97 27 200
3 30 40 49 10 42 37 34 29 26 2 48 33 20 6 18 21 44 32 20 23 45 2 42 39 44 16 40 42 20 25 46 1 16 46 11 9 32 44 37 7 47 36 41 16 41 11 37 35 44 8 9 38 12 2 28 7 19 20 48 39 44 43 41 11 38 1 19 21 47 8 29 43 43 20 11 36 32 49 20 25 6 30 14 19 31 41 26 49 10 25 39 5 18 30 17 7
32 36 28 28 45 8 23 37 27 33 22 8 31 43 32 38 22 45 7 2 38 34 1 49 8 41 6 27 20 22 36 2 9 15 31 3 22 3 40 49 37 13 8 17 8 42 7 29 38 15 33 25 48 35 26 5 25 31 34 47 4 19 48 13 33 28 15 4 33 6 2 19 21 12 38 28 3 46 8 40 10 42 17 7 28 44 13 3 24 46 49 27 14 48 41 46 27
6 50 11 13 3 30 33 16 19 12 18 14 22 10 23 13 28 31 41 21 45 45 46 41 45 24 6 44 15 4 20 22 5 33 36 7 14 21 25 32 32 44 47 5 3 21 20 32 3 12 4 47 6 49 37 2 23 45 47 39 48 18 10 2 50 45 8 13 15 34 44 49 28 42 5 32 12 24 14 14 35 17 11 42 16 49 43 40 43 39 28 40 7 39 41 6 35
1 19 2 34 14 2 11 6 6 43 19 30 8 33 14 24 45 6 41 45 50 30 38 41 9 29 47 47 20 4 34 22 24 35 7 40 36 18 47 41 12 15 22 21 49 36 44 45 43 37 40 42 18 27 34 27 5 32 25 26 36 8 49 11 44 6 2 31 25 48 24 38 15 45 8 13 32 3 8 24 39 47 18 7 25 1 33 31 33 9 9 20 19 7 32 12 12
34 45 36 33 18 23 47 12 32 12 46 35 19 19 23 17 38 29 43 41 13 23 25 24 33 44 42 40 27 5 3 12 49 41 45 18 15 41 30 47 2 25 31 22 45 3 40 35 34 32 25 48 7 49 21 39 44 14 30 22 19 33 34 19 23 28 37 37 20 18 35 22 44 15 45 40 20 35 24 3 18 50 2 24 50 23 15 43 38 46 17 6 30 50 27 4 27
15 41 48 34 27 19 29 42 14 18 11 50 44 15 17 45 16 43 45 40 9 39 28 4 5 35 34 6 13 37 34 29 29 32 12 6 50 40 49 15 10 11 16 5 25 35 1 42 27 45 34 35 36 13 40 40 49 25 46 12 14 31 40 44 12 4 49 14 45 49 30 6 9 46 10 35 30 11 29 8 7 12 42 42 26 33 34 24 10 31 37 23 11 27 16 23 32
17 36 26 15 15 32 24 12 43 10 41 3 38 48 12 1 41 3 26 26 38 2 35 18 38 7 29 16 24 3 47 40 38 23 5 4 6 30 16 48 41 8 3 29 6 14 29 48 18 7 23 6 8 7 23 47 15 3 13 39 5 9 30 44 33 34 48 38 15 15 38 6 22 40 36 27 3 16 27 20 22 49 27 31 8 50 28 24 4 42 14 9 50 44 4 35 29
1 24 44 15 11 1 39 50 36 17 4 3 43 26 25 44 2 7 3 3 36 26 7 27 42 17 29 35 20 15 13 23 38 8 39 49 10 27 50 47 44 4 50 36 29 26 31 30 32 33 35 20 11 41 48 2 9 26 36 30 40 50 2 30 10 41 28 19 19 27 18 12 30 17 50 10 42 30 42 25 13 26 44 23 18 42 26 26 19 13 5 11 14 9 40 23 1
17 44 19 45 11 33 27 27 34 36 20 13 27 44 27 4 40 1 21 31 26 46 1 38 3 11 4 13 50 26 13 18 21 33 15 31 17 43 9 50 30 30 15 7 24 41 12 13 42 33 45 19 30 47 9 34 8 12 46 9 39 10 29 10 45 45 42 11 37 1 13 16 30 27 24 5 17 36 19 10 20 15 29 49 12 39 33 21 50 30 29 38 40 9 47 36 5
41 48 41 43 10 9 24 36 34 29 5 19 47 16 38 12 44 39 25 34 21 45 33 2 25 23 43 36 21 28 40 11 26 33 3 35 41 27 23 24 7 29 45 5 44 34 18 40 22 42 23 44 38 8 46 13 32 38 48 2 16 39 15 43 21 19 29 11 47 3 37 3 31 31 10 25 16 27 14 38 21 38 31 8 45 28 20 26 16 19 30 33 8 46 27 28 14
5 41 13 10 29 17 40 11 26 14 26 5 29 13 25 17 46 32 13 25 4 41 42 22 20 24 31 15 2 11 30 9 1 44 18 31 11 7 41 36 23 16 42 1 31 16 19 28 48 32 2 1 22 44 24 43 19 5 9 21 15 40 29 17 34 46 47 44 4 39 31 26 6 23 29 36 38 49 15 37 30 17 39 3 12 13 47 30 17 5 2 33 45 32 1 30 29
49 23 33 37 5 10 42 27 38 30 17 37 44 3 18 12 42 23 23 6 19 5 24 26 8 6 22 40 6 1 18 6 25 2 42 29 12 35 8 49 14 26 37 8 28 5 21 21 29 44 28 47 48 1 24 5 6 45 46 13 45 14 18 21 15 11 50 28 46 9 27 11 34 15 20 13 21 41 34 49 34 13 46 33 14 19 39 19 16 35 34 12 50 3 33 16 16
34 44 11 42 22 23 25 38 43 37 9 33 22 7 18 35 4 50 48 25 40 18 40 26 3 1 27 6 33 45 23 16 40 33 9 13 7 33 50 49 20 8 33 43 15 50 27 18 1 26 42 41 46 33 18 48 34 45 5 18 41 27 36 30 11 44 42 18 27 41 18 48 1 1 40 17 50 19 34 1 46 28 43 41 12 12 41 45 8 45 15 48 24 50 27 34 43
20 3 21 13 21 18 13 21 10 29 22 30 14 24 25 43 18 18 5 30 8 1 37 4 15 35 27 14 13 13 9 33 15 29 47 37 49 9 9 10 39 33 39 4 6 15 49 24 32 3 3 41 5 41 45 20 25 21 35 40 33 43 22 50 24 20 38 24 28 49 33 18 31 23 21 36 37 19 11 21 23 15 11 28 6 5 49 32 26 35 21 10 28 44 11 3 13
49 26 42 49 10 11 29 32 34 16 18 2 27 38 27 43 49 6 50 3 6 32 30 40 4 42 19 48 2 21 12 2 48 6 50 7 16 28 38 49 46 8 3 24 45 31 16 45 36 16 50 41 49 29 30 2 20 1 1 24 21 13 25 21 20 27 27 35 6 17 34 1 24 38 24 20 18 40 15 5 7 14 45 5 44 26 6 16 26 7 39 49 21 15 21 40 43
49 26 49 15 11 49 40 48 25 12 15 16 26 21 22 41 15 26 36 43 33 1 20 39 41 20 11 8 40 2 50 41 28 48 5 38 49 47 38 23 8 4 38 35 25 11 27 41 36 12 33 18 15 5 9 5 26 19 12 18 21 14 8 48 11 14 37 11 10 24 35 19 28 22 3 2 32 31 42 19 43 27 37 9 33 47 15 8 15 27 25 37 42 32 36 4 46
23 15 7 48 49 28 25 23 30 28 6 13 22 25 7 48 13 15 30 9 29 39 25 7 14 12 48 47 47 2 44 21 16 1 21 16 28 45 38 9 25 44 21 46 18 29 45 32 43 24 40 22 12 14 28 27 25 28 24 24 29 17 46 46 19 16 13 48 13 1 9 37 46 31 32 15 10 28 46 2 1 35 25 14 48 5 43 25 32 18 50 12 36 45 9 5 11
21 4 25 23 14 11 18 45 44 32 6 21 27 9 23 13 34 38 13 40 30 37 23 47 36 34 33 32 44 39 42 14 44 16 39 8 28 6 4 21 40 9 43 18 17 17 31 2 5 43 43 34 31 15 33 18 48 17 49 41 5 43 7 50 10 45 7 38 2 10 10 41 20 5 11 39 21 41 42 25 35 35 11 17 49 43 34 49 9 32 41 15 24 47 14 34 43
23 23 45 34 32 37 6 36 47 44 7 39 35 33 25 21 43 41 20 37 24 18 47 6 8 13 31 7 27 16 49 1 38 45 34 22 32 41 9 30 34 17 19 21 50 43 43 42 34 12 31 9 31 27 16 41 40 47 49 18 14 49 18 2 44 3 25 27 44 33 6 29 50 24 1 49 19 44 42 4 7 22 12 38 49 30 30 40 28 28 7 41 26 26 44 21 30
18 47 25 1 3 4 50 28 6 50 48 49 41 1 6 15 15 45 13 44 24 4 23 3 10 13 28 35 7 49 16 26 47 41 26 49 46 27 29 1 26 26 50 19 29 5 33 43 49 47 38 24 50 12 26 9 24 5 45 32 5 10 8 2 2 33 2 47 12 30 48 37 6 49 5 34 3 37 28 3 35 17 26 34 28 3 42 3 7 38 35 12 50 42 15 1 26
16 50 39 46 47 26 3 45 32 38 49 21 17 3 5 33 30 39 12 32 32 14 40 22 50 3 21 43 17 23 21 35 22 9 30 20 36 34 16 18 21 16 38 37 18 44 21 47 32 32 30 16 47 20 37 49 24 7 41 43 31 11 27 5 22 6 24 7 41 42 24 11 7 13 47 25 7 19 23 40 50 5 5 48 26 43 46 49 1 39 41 32 49 17 36 22 24
11 29 14 2 2 26 11 17 22 37 25 40 9 14 41 13 21 41 38 13 36 39 14 24 29 47 25 48 32 46 23 44 24 39 46 28 14 8 46 38 44 20 27 4 33 20 19 5 10 6 18 47 46 33 23 27 29 49 24 10 44 48 5 20 36 2 49 50 9 46 37 2 15 15 6 49 36 24 4 47 31 23 44 29 5 18 5 33 16 30 44 11 27 50 32 13 2
30 14 10 25 50 14 41 16 21 40 4 46 45 50 26 17 45 6 23 12 10 7 29 39 2 40 16 1 21 30 4 1 43 14 27 44 29 18 9 49 9 12 44 3 14 21 21 8 27 45 22 36 1 50 27 4 39 42 4 10 21 8 12 13 23 40 6 1 9 16 49 17 30 44 21 43 14 41 2 40 37 23 28 37 23 4 40 13 47 46 22 17 5 35 31 29 25
38 29 33 5 29 50 34 22 22 28 37 15 30 29 1 2 6 40 26 11 29 39 7 26 12 25 32 47 5 10 21 44 40 5 48 20 4 32 43 28 9 30 42 40 8 42 42 15 31 19 25 12 7 33 39 19 7 23 15 13 34 37 6 24 41 5 45 47 36 40 24 47 19 17 38 28 8 29 44 41 50 20 4 6 2 42 26 10 14 40 22 48 28 29 23 19 33
19 15 21 8 40 17 28 6 4 5 15 35 50 5 34 19 8 41 22 2 17 31 17 8 2 14 36 30 38 6 15 7 22 35 16 13 3 44 18 8 48 32 44 50 39 29 18 48 20 40 49 38 22 16 47 24 31 34 5 21 39 19 29 12 5 44 24 7 37 41 15 37 25 10 36 15 39 5 12 8 46 13 47 18 30 43 43 12 27 49 32 17 20 12 29 24 6
2 33 44 45 49 32 21 8 19 35 46 26 48 5 21 10 1 40 41 46 34 3 24 35 36 42 4 48 20 29 5 24 11 50 20 11 32 42 19 2 26 14 27 25 21 50 35 21 41 25 18 27 29 43 11 15 35 16 14 6 44 20 31 7 19 50 17 2 41 35 4 18 1 30 43 21 31 29 43 22 5 13 48 34 5 8 50 39 25 15 47 18 34 27 26 4 29
45 6 21 31 11 39 31 42 33 3 23 13 46 46 17 8 43 2 14 2 3 3 26 17 49 45 50 27 21 6 5 17 13 26 47 23 16 28 14 48 30 38 10 27 33 28 36 25 30 50 28 32 4 3 1 4 50 2 30 22 7 35 38 19 12 34 41 27 13 7 26 45 44 37 23 29 16 9 5 47 8 33 31 13 37 31 16 36 32 45 9 41 31 46 9 42 32
