100 40 80
40 9 16 24 22 18 43 24 49 20 45 17 34 39 2 16 50 29 31 6 29 6 11 32 23 42 29 35 34 16 13 24 27 29 49 48 46 43 23 47 12 20 15 47 10 16 14 10 44 45 15 25 2 25 6 26 18 36 10 2 4 22 27 30 50 25 29 48 17 4 46 30 23 10 27 32 25 40 43 20 36 7 46 37 33 1 12 1 39 23 2 42 45 30 23 46 6 3 43 24
6 40 3 30 1 31 14 27 23 6 47 8 15 44 47 49 45 10 49 35 33 2 28 29 31 2 24 38 4 19 11 12 8 16 41 9 46 6 35 18 14 33 28 28 27 26 26 23 35 27 7 19 30 36 47 13 37 21 50 42 39 11 3 48 28 46 6 23 1 43 43 16 25 20 45 1 45 21 25 31 49 33 50 30 18 48 42 4 20 42 48 10 4 50 8 31 45 15 5 48
7 47 13 32 16 8 34 12 30 9 43 30 43 44 9 11 41 1 16 13 44 13 22 49 13 29 31 9 44 35 8 50 34 21 33 1 30 19 13 9 29 5 40 21 50 48 33 42 50 49 4 43 11 26 43 25 6 25 36 49 12 43 1 45 15 35 45 44 5 7 4 33 13 45 6 14 43 38 6 42 36 11 37 49 36 31 25 42 6 12 42 17 7 44 13 21 31 7 17 35
16 22 20 30 17 25 44 9 14 1 2 2 11 40 2 49 23 26 42 28 40 35 46 46 29 8 16 11 16 34 45 33 6 16 13 22 42 8 32 6 8 33 7 20 25 8 18 47 35 11 26 24 46 23 19 26 32 37 36 47 20 32 30 25 48 44 48 39 3 29 44 12 14 2 31 38 9 1 36 44 11 13 19 6 37 40 31 18 26 18 16 47 50 47 24 49 40 21 37 42
50 33 3 13 34 36 2 43 36 37 38 48 1 6 4 37 45 36 4 22 4 19 19 5 18 42 3 9 12 39 1 13 23 5 25 7 42 26 1 27 14 40 27 14 47 30 50 42 17 5 15 22 26 33 26 43 26 28 1 40 17 3 2 41 10 29 47 1 6 49 30 20 38 6 35 35 37 35 28 5 41 42 27 16 27 2 10 4 30 13 43 48 15 47 38 24 27 37 27 32
35 8 3 23 13 38 9 1 24 36 5 14 27 31 32 5 33 41 9 14 3 3 11 20 1 50 45 27 36 21 9 23 28 11 45 42 48 5 42 23 40 47 37 18 29 18 23 11 10 33 26 13 37 36 32 38 38 26 16 23 49 24 45 26 37 41 20 36 45 11 9 36 9 47 4 38 14 28 50 23 12 26 37 48 13 20 37 50 46 3 25 44 28 21 21 14 14 40 2 8
3 10 46 11 8 49 50 21 28 50 45 39 27 34 38 39 3 25 41 50 29 15 43 6 35 16 22 48 7 23 8 9 34 3 20 43 3 21 15 30 22 9 20 48 44 9 39 47 35 29 46 13 43 41 21 29 8 42 27 14 16 36 23 1 38 44 43 42 14 7 23 38 17 42 35 13 50 23 11 35 1 8 49 45 48 19 24 7 12 50 21 29 35 45 31 24 38 23 17 3
31 39 40 50 32 27 12 33 49 22 19 2 29 18 46 29 36 19 35 50 20 7 28 6 1 9 31 40 33 47 45 16 35 34 17 18 12 28 1 13 1 19 14 31 36 9 11 24 30 46 25 49 4 2 7 5 12 37 46 47 34 40 14 20 26 30 38 37 9 40 49 9 8 12 39 46 23 50 19 4 47 43 4 2 46 10 8 10 47 4 8 32 43 21 3 18 50 42 5 8
31 5 18 39 17 8 34 41 9 4 44 7 48 47 9 45 9 16 6 5 19 13 38 14 35 40 31 36 32 37 45 14 42 12 2 10 22 37 2 30 40 47 39 39 45 47 34 3 14 39 9 35 4 46 48 38 38 30 24 21 17 20 34 10 32 38 21 5 26 22 34 16 18 24 6 12 20 41 17 36 30 25 20 35 23 17 24 12 48 49 34 14 19 19 25 2 6 45 6 32
16 41 49 35 15 6 49 36 47 15 21 28 41 42 12 15 10 35 26 8 36 11 23 4 30 48 5 37 42 12 20 10 2 18 46 18 26 44 4 22 10 26 49 1 18 10 17 27 46 45 34 31 5 7 34 34 4 40 23 47 3 42 8 5 12 4 22 37 49 27 8 9 3 6 11 20 17 27 48 12 21 32 45 28 40 30 13 45 22 35 41 24 27 49 28 38 4 2 26 2
30 33 10 34 40 22 5 6 1 3 19 23 36 13 50 25 43 13 19 14 49 9 37 25 9 17 14 12 20 41 16 49 23 27 33 12 49 37 17 49 41 36 21 26 50 23 50 42 37 18 7 35 29 44 12 39 12 27 3 31 18 18 31 42 44 15 4 44 2 22 42 44 9 15 20 9 39 19 2 25 39 9 11 19 4 22 7 15 1 11 45 18 28 27 9 24 42 14 17 45
38 11 38 46 27 7 6 15 28 10 41 18 18 1 36 21 25 44 37 25 5 33 44 34 9 4 7 50 20 26 46 7 38 34 4 14 42 12 30 21 21 22 38 40 22 25 10 48 19 48 24 25 30 19 8 40 23 17 42 42 44 37 50 31 22 5 46 16 16 27 36 36 48 26 25 19 50 36 19 20 35 42 46 14 11 4 4 35 22 47 28 17 33 29 47 7 33 44 22 49
20 7 36 17 34 13 37 34 50 5 5 35 49 1 48 11 6 3 45 29 49 24 45 34 2 43 40 34 38 13 34 7 21 20 25 5 32 11 40 31 18 44 17 18 46 15 28 1 19 24 31 20 47 25 5 48 19 44 33 6 6 17 12 26 38 38 32 21 49 21 3 18 15 20 35 12 34 14 13 4 39 45 25 35 20 29 34 40 22 18 46 29 34 9 7 21 47 38 41 47
9 44 14 25 13 50 36 48 15 50 3 3 45 28 39 16 6 22 5 30 39 2 8 25 11 16 47 9 4 38 7 14 33 22 40 47 21 25 46 37 27 48 39 23 25 29 38 33 2 44 12 42 46 21 16 8 37 13 18 42 2 24 5 34 45 44 32 17 20 27 3 46 24 43 20 1 21 7 33 24 3 44 15 48 16 31 7 2 45 24 43 46 49 49 31 43 42 12 11 14
38 15 11 13 9 31 13 31 39 47 4 41 42 18 40 8 48 46 9 42 21 4 39 19 2 19 13 46 32 25 11 19 39 21 34 47 3 48 27 42 45 30 32 36 48 22 45 47 19 4 41 40 9 29 10 10 50 25 7 31 49 17 2 38 40 37 34 42 34 13 33 28 42 17 16 41 40 10 38 8 13 30 49 23 8 9 33 9 33 41 42 33 8 45 20 47 31 6 40 14
18 25 42 11 41 9 2 30 18 41 39 33 22 38 5 31 48 39 40 32 30 33 14 39 27 34 37 7 41 26 20 8 50 13 20 40 21 23 21 39 15 10 21 36 49 27 17 46 16 8 27 47 40 40 35 16 25 21 22 15 46 43 24 48 8 46 39 28 18 10 18 33 21 40 20 19 19 36 16 34 45 42 30 34 33 14 1 8 36 24 24 33 17 48 30 26 43 21 5 12
32 23 44 2 14 16 22 32 3 37 17 48 30 46 33 12 11 34 19 46 7 43 31 25 42 12 50 36 32 5 47 13 29 43 14 44 8 37 28 10 23 44 9 2 40 42 16 2 27 34 50 33 28 30 10 21 41 9 6 23 15 3 37 45 45 3 41 4 39 18 15 14 11 24 17 2 15 32 4 41 18 5 25 45 34 34 16 26 45 21 50 11 25 37 8 21 39 48 24 29
15 39 42 25 12 9 29 28 42 32 20 9 38 44 4 23 30 21 48 26 41 50 36 18 38 43 38 28 40 12 6 4 2 48 31 15 8 9 42 49 42 11 10 29 6 13 1 37 33 50 12 25 1 48 44 38 42 32 15 32 45 23 37 46 22 19 10 31 27 3 29 20 15 40 48 20 2 50 7 36 2 18 13 2 17 6 42 9 39 8 42 33 30 30 30 1 49 41 31 27
43 12 47 7 1 44 29 5 46 37 42 49 4 4 2 23 12 43 33 50 1 26 33 32 7 14 35 5 5 17 32 47 30 28 4 31 23 34 37 20 20 28 18 25 34 20 47 45 14 31 44 14 6 28 48 13 42 32 19 46 50 2 42 30 31 47 12 4 30 48 25 49 27 43 24 10 14 22 4 27 3 48 43 10 27 40 24 18 23 43 13 22 46 7 3 27 3 14 32 35
11 6 33 38 50 8 49 13 30 3 40 34 2 32 43 28 23 19 46 47 13 10 20 8 16 23 34 21 36 15 5 49 23 37 38 22 47 36 37 26 38 26 9 41 9 3 19 33 21 16 31 33 25 50 41 41 22 26 11 10 43 15 8 15 3 47 38 49 32 24 26 22 1 34 12 11 39 30 45 9 45 25 42 22 25 34 12 48 9 24 7 1 40 16 17 42 12 5 43 44
30 18 17 31 4 28 41 42 10 38 2 6 12 43 27 36 28 40 34 39 13 42 39 2 8 6 46 19 12 40 14 41 7 30 21 12 10 14 5 21 1 7 26 14 1 5 50 29 46 35 17 11 26 7 14 35 14 9 6 25 48 19 18 7 1 40 20 12 5 25 32 7 31 9 21 31 15 22 11 11 6 27 21 33 36 34 18 49 45 25 26 44 45 43 2 47 32 22 8 37
46 41 45 26 2 15 8 16 36 19 28 43 47 48 26 32 34 45 33 30 19 8 23 13 50 25 10 33 46 19 21 43 12 16 18 13 32 27 30 18 45 8 10 44 7 37 25 42 31 7 21 1 16 44 16 15 20 27 50 17 45 22 9 8 37 26 20 19 4 2 38 49 9 47 42 17 36 18 11 16 27 31 19 42 26 34 7 47 10 8 13 6 29 21 14 18 48 33 38 2
36 25 2 46 23 45 13 8 12 25 26 38 7 44 30 33 27 38 29 38 45 44 43 25 14 6 44 14 41 31 15 26 7 18 22 30 12 36 39 23 10 14 13 18 9 42 50 37 31 31 24 27 24 19 1 39 24 45 2 16 27 18 44 34 35 15 13 46 2 3 21 13 19 35 30 27 28 32 16 8 14 39 34 39 7 36 27 33 32 31 50 11 50 43 44 35 9 8 32 10
10 4 24 30 38 6 9 15 37 24 22 50 14 7 40 23 45 18 5 28 48 4 38 48 47 33 34 5 40 17 17 2 21 42 33 8 47 41 25 33 14 46 34 28 5 23 50 1 41 6 28 40 9 18 39 7 2 24 14 44 41 32 45 13 23 27 20 20 20 46 4 33 44 38 10 48 12 9 50 4 16 29 46 25 46 34 33 50 10 48 43 2 29 39 14 2 15 35 21 34
31 24 19 24 13 28 23 27 39 22 30 4 50 27 30 48 13 15 47 22 12 39 23 41 27 36 44 43 20 16 29 2 41 47 25 4 26 47 32 16 20 13 22 20 40 3 17 2 17 15 25 31 3 49 23 31 36 16 23 7 31 3 9 21 1 33 26 29 32 9 44 1 22 17 22 11 20 40 14 38 4 40 18 8 38 40 38 23 7 13 29 37 17 37 10 18 22 37 46 5
46 41 7 19 8 29 31 27 18 44 14 24 35 34 33 22 23 23 46 30 37 26 18 3 15 29 22 36 18 19 42 15 10 48 33 17 28 13 45 48 8 10 23 42 43 5 15 18 27 12 49 13 37 16 18 1 47 39 38 14 8 29 28 19 29 12 37 8 24 31 5 33 42 27 24 37 34 40 4 10 1 2 25 39 19 42 40 15 32 29 30 41 10 9 9 38 20 45 47 43
27 2 25 21 30 50 7 13 41 12 25 43 15 1 32 33 42 23 50 25 1 29 16 10 40 26 49 9 23 46 2 1 49 28 21 30 30 29 45 20 40 19 13 4 21 46 39 14 18 38 38 18 18 5 30 7 31 30 16 3 25 19 3 25 48 26 5 27 4 49 47 44 19 11 49 39 6 37 2 23 24 39 42 44 44 23 50 26 3 17 30 29 37 34 4 35 9 8 11 13
6 9 8 24 19 8 12 24 45 13 48 20 3 42 15 46 14 17 23 18 33 2 47 20 36 50 6 44 7 16 8 14 25 17 37 45 25 50 21 21 12 18 42 14 11 7 12 27 23 34 44 5 38 40 26 23 41 33 18 49 49 26 12 25 44 48 19 20 49 39 40 10 9 34 26 19 40 39 45 12 24 41 18 11 32 46 35 23 28 3 21 28 30 33 2 25 32 23 45 33
13 36 42 21 19 19 42 8 9 36 21 33 28 39 45 10 36 30 32 13 34 4 43 15 36 44 39 20 18 33 2 31 21 45 3 39 16 44 49 24 32 21 8 9 11 3 18 46 34 49 11 19 3 3 33 40 48 21 11 16 6 14 48 26 11 50 16 26 44 16 1 25 37 9 33 47 13 1 45 48 1 5 16 5 7 50 45 6 22 7 23 27 21 20 4 33 20 22 8 13
39 10 39 25 20 21 24 32 23 18 31 24 24 46 28 32 45 24 37 17 33 10 45 3 29 1 37 50 22 46 12 12 5 2 37 25 23 12 8 47 29 39 22 4 36 2 35 33 25 21 1 9 32 45 11 11 47 49 10 20 44 24 32 49 25 18 25 49 31 32 48 11 20 19 14 6 20 48 38 47 18 38 5 50 34 18 12 31 16 23 50 10 48 31 10 23 50 34 23 30
17 20 42 39 41 5 44 12 2 33 10 22 22 17 23 7 36 34 39 1 8 39 12 6 21 23 30 23 8 4 4 25 26 46 13 16 2 8 29 4 42 39 27 15 5 49 21 40 34 10 42 41 50 6 46 22 28 27 46 38 31 50 12 6 47 26 23 48 33 1 3 26 39 29 40 45 27 12 34 12 23 28 3 22 33 50 46 12 29 41 49 9 42 12 14 38 37 36 36 21
38 40 46 27 19 37 21 47 49 7 9 21 36 13 45 20 12 40 31 40 32 32 50 24 43 15 13 32 2 50 2 40 40 50 16 8 36 38 4 36 46 12 7 33 24 3 2 38 44 35 29 25 16 31 50 10 45 13 43 47 14 45 38 3 46 5 12 33 42 16 21 40 29 27 24 5 31 26 44 24 12 24 48 27 4 50 38 1 12 31 47 27 27 34 30 22 38 41 6 31
8 26 22 39 4 48 45 34 23 40 9 34 13 9 12 19 8 1 19 21 31 17 47 9 2 28 32 41 19 38 23 28 15 47 18 19 44 12 4 16 1 13 1 16 21 14 34 28 14 2 50 47 18 46 5 21 24 37 11 44 26 33 23 40 29 41 8 22 2 14 39 5 26 41 20 48 4 3 27 20 6 26 16 25 23 22 45 48 8 5 41 35 39 14 25 20 6 34 41 7
47 32 13 24 22 32 21 28 34 47 47 41 22 14 15 45 35 9 44 43 15 35 27 4 50 3 23 7 37 15 15 35 48 28 9 20 9 29 47 45 26 45 35 49 8 50 45 42 10 39 36 25 25 15 30 26 19 2 32 5 18 46 40 16 23 48 37 34 26 35 28 3 29 14 2 38 13 46 29 25 36 17 49 10 33 28 35 1 31 18 8 50 16 47 17 38 46 3 23 23
37 50 26 17 14 29 4 28 26 35 2 12 3 2 23 35 31 10 35 13 27 42 13 42 40 29 32 35 32 4 10 20 6 37 39 21 15 42 50 40 28 4 3 30 5 26 16 36 37 3 48 15 44 12 7 36 43 40 22 24 45 31 45 2 17 33 22 33 27 22 25 4 27 27 36 31 4 1 18 40 3 18 5 49 31 13 34 23 4 7 48 50 40 43 2 6 27 23 41 5
46 15 9 22 41 46 5 47 46 24 38 49 41 44 49 22 6 34 46 11 40 44 11 29 36 12 37 14 36 27 19 34 41 29 7 33 24 11 29 21 35 17 19 27 12 19 50 18 2 46 30 44 39 42 22 26 5 10 41 43 36 9 26 28 39 32 11 12 45 41 33 31 9 3 9 21 22 9 40 25 6 19 18 46 13 40 23 17 49 13 9 37 24 34 14 12 18 26 24 14
17 8 44 27 10 4 47 33 12 36 8 19 7 25 14 19 16 38 37 17 1 46 5 24 31 20 35 50 46 10 13 14 17 8 40 29 12 37 11 25 24 20 46 30 47 11 50 14 49 37 32 49 34 36 24 16 6 10 16 1 20 30 14 38 40 5 16 1 41 29 27 17 50 22 46 46 35 48 12 33 36 43 33 21 29 6 36 34 15 3 36 36 35 1 24 24 5 41 26 48
21 2 14 21 26 11 18 10 8 29 42 45 24 24 15 2 31 3 37 47 5 22 33 39 24 8 14 28 50 39 25 23 41 38 45 18 49 12 27 8 43 20 3 16 45 19 19 25 21 5 23 28 26 7 18 1 14 32 28 16 22 3 38 12 42 32 31 40 45 7 50 39 28 4 4 22 22 22 48 45 28 21 24 5 27 41 5 43 24 33 10 46 37 47 9 28 30 40 20 26
48 21 15 26 24 20 49 45 44 49 39 21 19 14 26 47 5 30 41 30 14 50 25 50 48 36 30 27 27 1 5 24 21 19 1 44 40 2 38 33 50 29 4 20 42 31 16 48 10 7 28 24 6 4 25 4 39 4 32 15 4 38 41 24 6 43 17 48 44 7 30 45 37 33 14 30 13 30 28 25 38 7 50 43 12 24 48 1 30 32 17 33 19 9 9 27 4 27 24 49
35 5 44 21 38 7 3 2 38 32 28 25 38 27 20 1 3 17 3 32 50 22 16 21 30 26 47 33 5 22 34 39 26 27 12 15 33 16 19 23 47 46 47 36 25 16 36 29 35 39 12 36 10 29 6 41 5 4 26 9 25 9 49 3 35 12 17 19 27 37 41 23 35 40 8 9 7 44 39 43 34 50 29 43 28 36 33 34 40 8 42 14 16 43 16 2 4 35 21 31
