100 34 77
35 25 40 27 50 46 29 38 7 20 33 9 27 30 47 32 21 39 7 4 5 9 49 49 26 20 23 40 10 12 31 44 39 21 22 38 18 1 25 26 22 10 37 48 41 35 31 13 23 37 18 29 46 16 28 21 35 2 12 44 14 42 40 2 12 11 41 30 13 17 7 34 26 43 33 18 27 14 30 49 2 47 28 47 14 7 19 49 8 32 44 21 24 35 24 37 48 14 18 12
31 25 48 8 17 30 28 46 43 7 44 47 6 23 45 19 29 16 19 39 47 15 9 20 1 35 9 48 50 26 12 32 50 9 40 19 38 17 14 33 25 9 29 32 32 23 3 12 38 23 50 37 39 11 8 40 47 16 39 46 42 50 28 43 8 19 11 46 35 24 30 11 33 10 45 16 32 47 27 22 19 29 8 8 41 17 49 37 33 37 32 24 37 11 16 46 29 29 43 15
2 22 26 36 31 20 3 15 18 32 38 38 10 47 47 2 13 45 38 45 34 21 20 22 32 38 17 12 16 12 27 19 33 4 7 16 25 9 32 42 40 21 29 1 17 28 2 29 22 41 26 7 14 47 28 47 34 45 8 49 6 34 20 40 37 26 7 11 34 38 4 24 8 35 26 26 12 30 7 35 20 34 42 35 30 19 31 14 15 41 14 22 24 33 14 13 8 20 25 44
10 31 19 19 15 44 47 28 23 3 14 45 36 5 29 17 26 12 30 42 2 46 16 25 28 29 39 38 50 16 31 11 46 1 30 12 44 28 41 19 30 4 13 17 11 43 35 38 4 17 29 5 12 46 32 41 24 20 30 26 37 10 36 32 10 17 45 6 44 35 24 25 39 38 43 49 30 28 36 34 44 16 38 7 12 19 47 37 41 27 12 27 38 50 9 50 16 3 5 12
38 30 36 28 17 31 28 46 8 13 29 3 30 17 9 43 37 5 30 27 33 43 4 23 42 14 22 8 18 28 19 7 7 6 34 23 36 11 20 43 25 49 47 5 17 5 47 5 12 28 32 46 21 37 18 12 50 39 21 19 16 39 26 24 45 9 48 32 22 18 25 46 18 23 2 36 28 1 40 41 28 23 36 50 9 4 12 10 44 32 29 10 23 6 35 19 14 33 50 37
2 24 35 21 49 36 6 26 38 47 18 18 22 3 17 32 8 30 44 2 12 22 13 36 27 47 4 42 29 3 31 32 29 15 2 27 2 9 4 40 6 21 7 29 25 23 10 33 3 3 34 16 26 46 1 4 44 6 46 25 8 26 6 36 42 10 14 43 18 17 32 25 39 38 3 14 13 13 46 17 17 31 34 43 28 36 46 21 41 43 45 48 20 3 36 11 12 49 4 29
18 35 6 6 25 8 19 39 22 16 5 39 46 38 31 23 23 28 46 15 21 42 12 40 44 49 1 7 50 4 38 17 40 43 22 16 50 43 4 24 8 8 12 6 47 44 28 21 21 25 37 41 17 1 33 10 49 35 19 48 38 6 16 29 50 40 45 1 32 48 24 39 8 35 46 6 30 24 29 1 50 15 43 16 15 25 28 16 9 46 13 48 3 31 29 2 20 23 2 1
22 26 41 31 12 37 39 42 12 17 44 11 33 36 27 50 13 6 15 23 1 29 23 3 9 1 6 28 25 7 28 48 34 21 29 46 7 19 39 20 35 32 30 19 19 8 18 33 13 32 8 15 11 30 19 21 32 24 49 8 33 28 5 16 48 35 13 6 5 3 27 39 36 7 10 5 14 27 39 29 11 46 43 23 27 12 43 10 35 43 17 19 21 24 35 20 10 49 28 15
2 4 5 37 12 14 43 26 43 34 6 3 31 48 25 8 11 17 17 48 10 36 16 32 11 2 3 22 1 30 38 4 34 45 42 45 8 37 22 50 20 29 4 50 27 28 9 37 47 28 34 8 13 2 39 25 3 41 48 3 21 36 6 6 30 50 2 39 36 26 41 5 4 44 6 32 22 15 21 20 42 6 27 6 7 15 30 10 7 27 14 29 14 22 34 45 21 38 34 6
13 24 12 18 19 17 50 42 31 20 11 22 27 37 27 34 3 8 45 10 37 8 38 2 29 24 47 1 11 32 8 25 5 19 42 25 38 43 17 18 14 27 42 41 14 20 26 18 30 20 27 18 27 15 19 8 38 15 8 48 46 16 24 2 36 17 27 23 10 45 43 25 21 34 15 36 5 40 4 34 9 30 1 38 46 22 47 33 36 6 32 34 21 7 37 9 24 15 31 33
9 25 7 32 10 24 17 15 15 20 50 24 2 3 13 49 24 9 32 11 14 15 46 37 22 35 47 45 49 29 29 10 4 37 41 13 10 7 29 25 29 29 50 32 33 14 30 6 24 13 18 39 28 14 25 1 48 23 47 48 2 27 7 5 13 47 19 25 6 48 1 36 28 2 17 10 15 46 17 38 11 34 28 40 49 3 42 46 25 38 44 28 16 2 32 30 49 3 4 6
50 6 41 29 7 7 40 23 4 6 12 16 41 40 5 40 44 46 35 20 35 30 48 50 32 31 30 32 33 35 39 34 43 29 14 1 37 3 24 40 8 37 6 49 28 12 40 21 8 24 43 42 6 40 42 39 22 23 22 5 9 10 40 1 38 4 2 24 6 27 15 16 13 22 16 41 36 5 13 43 30 5 36 35 44 29 25 16 1 46 22 12 5 13 12 44 16 13 19 24
39 34 41 4 7 8 44 42 14 6 36 43 11 22 30 6 2 4 23 3 50 46 14 6 9 27 50 26 42 18 1 32 3 41 35 12 50 30 5 13 36 41 6 48 14 37 5 15 42 28 19 43 23 34 49 33 11 50 9 2 17 9 33 22 2 20 33 3 49 39 16 36 29 23 35 44 9 40 9 2 19 29 45 43 13 43 26 25 44 34 28 12 44 12 33 47 31 17 50 32
6 17 17 36 39 4 30 49 43 40 2 13 20 46 5 32 40 30 8 33 15 35 45 11 49 27 9 29 46 10 12 1 26 31 36 16 34 17 16 28 8 18 40 28 13 44 11 3 26 19 37 40 5 31 2 3 10 11 34 5 20 45 7 48 25 44 13 10 11 29 37 20 48 26 47 12 22 8 14 47 28 3 38 34 33 40 37 42 50 22 48 21 18 4 18 45 48 31 4 8
11 41 27 8 18 26 19 39 35 35 35 12 37 23 45 21 12 33 13 13 4 10 33 22 16 1 18 13 33 21 22 45 11 50 2 31 25 22 19 9 8 4 22 46 28 19 17 41 3 31 3 7 42 37 30 7 39 47 19 23 19 40 17 32 40 20 12 16 44 30 27 1 35 48 49 14 18 15 4 21 47 8 29 38 47 10 47 35 8 15 10 26 7 26 7 48 46 20 13 39
50 39 41 36 39 39 50 6 5 5 28 1 15 6 41 11 15 37 47 22 1 6 50 9 32 8 6 29 28 21 19 29 9 9 14 47 50 15 5 4 22 32 7 36 40 47 46 4 33 42 28 35 50 29 44 31 36 1 11 13 21 29 41 30 39 7 28 38 21 34 44 44 16 50 29 5 46 26 10 30 18 39 14 19 17 9 49 3 10 9 17 32 39 8 13 27 14 43 17 36
26 10 32 43 9 10 49 6 36 11 37 5 49 50 23 16 11 23 20 22 33 36 3 21 45 16 49 10 8 15 48 35 24 29 28 34 38 26 41 25 36 27 29 37 29 3 4 39 25 23 10 9 10 12 29 7 29 30 16 38 44 13 23 20 41 2 3 31 29 44 5 15 22 36 3 50 40 6 38 15 30 47 23 41 11 4 47 39 33 13 27 28 27 1 47 20 2 50 2 30
45 6 46 16 43 48 18 33 5 5 49 34 4 23 25 14 28 23 4 12 35 30 40 14 32 36 33 33 37 34 13 33 41 8 1 36 6 18 18 12 22 18 46 25 42 22 40 20 44 44 31 31 25 22 44 7 8 28 39 46 11 3 29 1 11 29 36 18 46 5 29 19 24 26 46 16 49 35 35 45 30 17 27 7 39 22 15 48 49 5 43 9 8 23 11 20 1 49 37 48
5 17 19 29 45 14 46 45 50 30 39 32 48 17 38 36 38 2 35 36 6 28 46 15 2 7 34 3 7 22 2 13 39 20 41 35 35 36 29 35 17 20 16 15 36 5 2 26 6 37 11 13 16 7 28 17 15 13 19 23 35 23 35 23 42 28 9 29 13 37 13 32 8 30 46 46 34 49 21 41 35 31 5 50 39 32 17 5 45 37 27 29 9 12 3 3 39 13 31 3
1 45 34 9 24 31 4 9 30 26 49 16 8 3 16 47 37 32 1 33 20 30 13 29 43 17 33 31 29 15 35 29 9 21 39 34 1 44 42 32 19 40 48 27 44 15 25 30 48 27 12 17 6 24 47 48 42 31 30 20 45 17 49 5 37 39 38 39 33 29 23 3 20 22 29 14 36 5 45 33 32 7 1 37 32 48 37 26 28 18 45 23 34 45 29 22 34 17 11 18
47 35 20 17 6 49 32 41 3 26 25 36 34 25 23 18 22 11 43 50 30 39 24 14 34 2 37 19 20 47 36 17 31 5 35 38 5 16 28 8 41 2 45 27 27 17 44 50 29 38 1 9 26 26 24 9 28 10 27 49 9 14 15 41 19 49 29 23 16 8 32 7 10 27 35 38 45 30 39 24 17 40 34 44 15 7 5 44 18 33 43 26 47 9 17 15 10 47 39 25
4 21 33 15 49 17 2 43 46 43 18 14 32 1 10 48 9 14 42 29 46 36 4 42 46 22 8 5 18 47 30 24 19 12 38 17 31 42 9 28 34 27 44 15 29 3 14 40 16 5 18 13 42 23 7 38 45 14 44 14 12 23 37 30 37 27 48 19 18 7 48 1 35 41 17 15 43 30 6 10 37 23 25 30 46 31 17 42 46 13 7 8 35 44 39 23 20 37 43 39
45 41 41 31 31 9 45 26 38 1 37 26 25 11 6 22 41 24 13 37 36 20 46 23 15 36 47 36 22 40 24 18 32 14 48 14 22 45 39 11 47 28 39 21 38 44 43 31 19 7 19 5 26 14 29 42 1 25 27 25 16 50 42 47 15 42 11 38 38 1 1 34 28 39 6 18 34 50 48 2 7 18 8 34 31 36 26 33 13 2 7 30 4 1 29 18 42 41 8 29
41 8 14 21 48 19 40 31 19 37 34 27 4 42 10 36 29 35 20 43 37 27 23 40 27 1 9 20 41 18 48 33 27 13 5 24 31 44 6 1 32 40 27 35 33 37 22 11 21 42 6 9 20 28 50 46 30 11 15 22 28 14 6 5 26 11 30 6 4 36 9 38 25 35 24 7 23 46 19 46 39 24 4 8 3 6 5 34 16 21 7 45 34 13 1 9 25 31 16 30
18 26 17 44 11 41 50 35 38 20 30 26 46 34 35 50 41 41 36 6 11 42 2 44 4 3 4 30 35 21 10 2 47 26 45 9 16 46 43 3 17 23 30 12 8 16 14 48 6 49 5 18 40 6 11 46 10 16 25 44 39 34 45 37 12 41 47 27 36 41 32 3 15 13 16 22 29 31 21 36 29 27 4 21 35 16 16 44 34 42 38 24 28 34 10 39 25 8 17 12
48 48 16 13 13 34 36 43 14 9 28 43 35 33 15 19 1 32 15 36 23 2 9 50 37 20 40 11 27 7 25 24 6 40 38 18 25 26 10 39 34 40 33 20 24 47 41 24 28 5 9 2 8 19 4 44 38 43 7 14 49 31 40 7 22 27 24 47 4 36 35 39 27 19 9 2 15 1 28 44 5 36 45 12 7 48 5 44 41 11 8 41 43 49 49 15 27 25 11 31
10 47 19 38 15 27 39 31 29 16 24 33 4 18 46 10 16 1 5 8 13 14 50 6 12 49 22 39 23 32 19 34 30 39 23 44 18 13 24 46 29 47 29 34 16 24 45 33 26 49 42 41 13 42 46 24 42 17 14 16 50 34 1 31 23 23 24 40 35 49 35 15 47 15 48 14 41 42 47 16 41 38 8 5 31 3 30 22 21 44 37 22 29 37 2 1 11 27 40 48
25 27 12 23 41 10 37 33 3 35 1 45 22 8 49 3 11 31 26 33 26 13 5 4 1 8 5 14 35 46 11 11 22 22 34 15 33 22 49 36 6 49 30 29 7 31 31 19 11 7 1 36 21 7 39 23 15 45 36 49 41 48 9 14 22 44 30 4 15 29 41 22 27 23 1 33 3 33 3 15 39 6 2 11 12 42 34 28 37 21 28 29 21 39 42 42 34 22 45 1
2 38 22 28 10 24 13 12 7 15 28 45 22 29 8 36 22 43 13 10 15 43 38 35 31 30 28 14 3 25 14 4 12 38 33 21 11 47 34 17 14 11 14 35 41 23 20 14 15 35 24 29 27 11 16 9 42 43 22 46 17 38 1 30 27 34 50 37 32 33 6 45 45 21 30 37 43 1 1 9 35 24 37 11 34 4 19 28 49 43 23 17 32 24 47 8 9 48 46 40
31 1 37 27 23 16 14 15 18 14 23 3 39 12 15 22 17 36 1 15 30 24 32 11 49 30 20 9 27 15 50 9 18 36 36 40 1 1 7 21 16 29 23 4 42 39 27 9 24 28 23 5 3 6 15 3 37 36 11 14 1 10 22 20 46 9 11 48 11 17 18 26 48 42 29 41 31 8 49 6 35 24 11 39 31 27 41 18 13 3 33 15 12 6 34 9 15 44 7 27
13 26 3 12 20 33 2 2 40 1 7 26 26 19 14 8 48 6 25 10 8 7 24 20 13 9 30 29 4 36 5 18 14 9 29 33 42 31 34 33 33 42 9 10 13 24 17 10 30 44 21 39 50 46 10 14 4 40 44 9 27 49 27 40 7 7 24 50 37 7 33 21 1 43 32 13 16 49 24 47 42 44 36 43 39 47 7 44 36 50 2 13 50 30 4 9 37 28 10 25
36 42 48 38 36 29 50 2 27 25 50 20 18 37 13 6 34 21 1 19 20 5 33 22 34 39 30 22 18 39 47 3 33 44 43 18 22 44 21 1 19 21 20 36 9 34 44 42 4 46 13 26 50 47 47 34 35 28 5 2 18 3 7 2 46 49 20 20 44 42 22 12 14 41 50 23 25 43 16 30 38 28 5 38 27 3 23 11 30 27 15 50 32 23 1 27 23 22 48 16
14 19 30 29 12 29 1 38 21 17 17 10 46 24 49 22 26 23 35 6 2 49 7 33 23 7 9 47 29 9 14 44 27 43 22 40 21 25 27 41 41 46 3 36 19 3 10 44 26 44 1 27 44 7 9 16 14 19 12 44 27 25 39 6 20 10 47 40 34 24 33 26 19 35 14 37 37 23 32 14 16 33 40 9 39 50 24 4 19 37 47 47 13 35 2 32 47 49 22 32
24 4 8 44 40 21 32 28 43 13 44 8 45 33 16 36 33 41 39 3 29 38 49 43 24 3 25 20 3 48 2 26 3 11 19 44 31 2 23 23 14 16 32 9 49 49 44 33 39 34 35 19 21 33 11 45 37 37 16 39 36 19 14 38 29 34 33 9 35 6 33 1 23 14 9 23 12 4 5 2 37 41 20 8 26 33 4 12 19 19 1 5 38 16 44 16 50 27 27 36
