1000 577 10000
803 78393
487 67929
348 37302
21 77451
468 9741
493 62767
13 72631
534 46035
261 86110
384 65939
587 64146
37 12151
916 45365
417 86845
362 15547
477 2979
812 41285
747 76659
947 923
95 16543
618 324
579 94716
350 42514
523 97921
905 80211
827 36874
66 69406
75 85811
301 45127
202 71623
316 45604
238 77350
828 74924
660 50138
925 88830
929 62060
370 71868
578 10652
79 65637
721 85345
216 29233
859 86294
431 80500
120 71066
491 31081
875 78043
838 40954
799 42251
662 27680
696 93965
249 69540
814 999
898 7389
253 86727
15 99981
113 35224
955 26992
226 44203
340 42676
552 49468
100 74308
352 66792
974 99254
321 47491
327 17781
220 76145
76 13831
628 77782
861 5146
874 21478
495 78523
242 79921
46 94892
241 75419
896 69583
924 819
139 32317
731 12698
617 79922
332 91842
22 48478
143 51559
968 73294
351 63470
933 32427
851 7082
44 35637
328 43692
155 7118
632 73391
353 84635
526 6496
571 6641
187 2915
544 99207
796 56356
115 8553
852 84365
635 78150
597 62811
267 61951
619 15084
787 17451
949 5126
56 68058
423 37546
959 88321
616 65260
843 78214
427 31743
940 4450
325 50072
122 89206
296 13630
304 43266
522 6025
488 8161
549 50827
264 92806
403 70886
759 41284
375 95654
64 94763
669 90345
888 83965
546 4766
118 70878
600 61811
782 53876
844 94599
606 27975
409 15941
391 25098
806 32432
55 58329
792 52306
361 80307
699 48731
950 26766
793 85388
608 56767
29 61181
780 79509
274 19050
975 95326
724 97925
469 58529
395 41068
80 81241
912 29584
704 28814
486 92548
237 90513
612 63433
582 35035
27 17885
366 44651
490 79632
183 74958
114 38130
421 1956
773 71643
575 11388
331 56967
919 6865
406 28966
985 9818
557 51428
388 28082
532 26154
746 15380
654 59711
762 99915
205 10633
418 5248
914 48390
207 76129
204 45281
840 68497
671 14425
934 5329
518 52039
135 11039
778 37436
392 24591
510 97946
397 49333
846 18782
188 47721
407 15459
538 81841
194 7835
104 66163
192 98076
794 25026
300 18812
73 92072
536 90096
229 76597
737 74543
99 75160
511 610
320 5689
2 12835
676 30028
868 54214
182 5551
967 92753
240 98937
997 51597
251 41692
162 74097
897 48639
994 23799
625 9028
69 24628
590 50361
149 40838
525 38442
622 72417
180 85314
212 55306
133 52198
862 37653
371 17853
713 99323
637 60388
359 37807
360 46530
657 38064
175 73995
591 70211
528 82515
820 68996
456 36451
666 8109
501 13402
277 12172
658 96179
750 22964
372 17012
977 96077
438 29788
777 76741
172 80792
6 12511
171 46889
178 333
727 91447
764 74938
83 98580
454 59186
291 24221
268 20298
65 67292
364 940
850 58803
683 26311
258 33661
42 97649
385 80988
829 88786
111 19199
911 34130
314 32232
856 24781
507 1730
169 97640
680 43159
203 31612
68 42857
988 51860
790 34584
802 9588
757 26630
318 17891
593 48524
962 1702
788 56535
14 74616
880 55949
31 14374
208 12349
465 41842
449 24305
8 99224
772 47852
282 78493
382 19023
294 33165
63 78170
286 39568
1000 34221
781 28151
720 45735
365 31531
906 18146
890 85926
661 33778
892 95561
211 59596
698 91339
813 48328
712 29486
419 19978
816 54820
695 70374
141 17166
768 8123
613 94213
732 32253
377 13893
38 64022
885 26905
733 17944
4 17635
140 53964
164 46532
902 40689
542 91009
872 85221
960 7937
347 92370
102 56392
92 64429
98 61655
105 38511
368 37486
52 18261
201 97731
776 15101
963 57302
91 88995
34 90930
379 83299
381 50624
363 48806
569 60257
998 11280
519 36593
580 80360
640 76959
500 24635
458 32048
682 6398
158 34579
643 62907
414 13723
337 75814
425 53063
993 13319
629 25068
559 37024
691 84735
217 57998
349 66408
937 57457
94 8387
344 60709
475 90783
592 18621
33 1005
730 19953
119 3240
435 92109
125 76843
311 72371
78 20767
954 26155
634 21509
61 10824
219 38539
196 58059
870 9859
996 83428
30 97507
278 77430
430 85891
553 79085
576 1767
444 41533
252 67752
913 48808
881 34933
297 4180
717 90017
12 47881
53 19741
48 19520
448 35595
904 84749
333 70639
603 49724
786 6404
393 65096
434 85281
36 90892
758 86431
474 92799
215 54473
565 57399
108 21854
700 31460
855 73038
736 15960
685 87335
986 75301
484 59280
564 1057
893 94327
101 10134
214 17307
895 44346
738 93550
232 62769
499 14573
312 88755
926 76525
620 29189
107 51542
701 21023
745 55178
842 23287
539 29611
144 90533
39 34879
3 63749
990 49372
457 58472
185 5184
886 12885
667 21565
159 12554
463 70966
177 73812
50 31041
324 89230
830 64777
899 89182
45 25291
521 97153
589 72594
607 99084
209 41642
367 70547
877 71977
317 68443
443 30030
415 35966
109 89456
638 8745
293 24999
641 53001
376 80296
106 82075
190 52622
541 49429
867 48580
652 91894
186 38914
210 10679
664 36501
71 30397
441 33030
545 31457
978 47123
514 46473
517 41379
145 41779
729 6711
716 38370
655 18286
935 5563
767 58691
917 99569
276 55857
292 14112
601 63376
509 66271
341 22803
714 14846
345 26744
279 48658
150 61166
595 16331
910 36631
755 19662
944 31067
584 66813
567 94356
860 67193
719 54702
152 69547
633 70929
810 57756
723 46459
374 78464
380 68970
128 60986
966 9570
179 17636
396 12037
455 19842
17 60659
642 96882
873 75741
49 2018
610 39802
244 37786
864 24410
871 53079
999 5957
971 23420
218 66976
865 40793
775 3992
854 52166
679 2436
43 76436
513 40111
636 47829
710 96843
335 55593
189 31232
602 33932
20 47526
19 85530
697 87965
915 67391
754 49446
715 54226
254 60431
239 1512
440 25919
288 40247
663 55515
400 3040
821 3294
123 65272
832 92885
674 88302
429 63760
689 62446
416 59514
876 29213
811 19647
980 94826
779 49208
693 31871
605 69794
791 24219
943 55514
432 98433
531 76367
673 76676
504 71161
817 60158
561 58831
58 24390
246 66727
942 62504
983 50156
845 207
257 9939
991 93549
837 77808
228 70835
672 35973
369 32753
741 87253
230 33414
889 12269
153 60917
224 78894
236 38039
761 78223
25 55224
1 803
1 487
1 348
1 21
1 468
1 493
1 13
1 534
1 261
1 384
1 587
1 37
1 916
1 417
1 362
1 477
1 812
1 747
1 947
1 95
1 618
1 579
1 350
1 523
1 905
1 827
1 66
1 75
1 301
1 202
1 316
1 238
1 828
1 660
1 925
1 929
1 370
1 578
1 79
1 721
1 216
1 859
1 431
1 120
1 491
1 875
1 838
1 799
1 662
1 696
1 249
1 814
1 898
1 253
1 15
1 113
1 955
1 226
1 340
1 552
1 100
1 352
1 974
1 321
1 327
1 220
1 76
1 628
1 861
1 874
1 495
1 242
1 46
1 241
1 896
1 924
1 139
1 731
1 617
1 332
1 22
1 143
1 968
1 351
1 933
1 851
1 44
1 328
1 155
1 632
1 353
1 526
1 571
1 187
1 544
1 796
1 115
1 852
1 635
1 597
1 267
1 619
1 787
1 949
1 56
1 423
1 959
1 616
1 843
1 427
1 940
1 325
1 122
1 296
1 304
1 522
1 488
1 549
1 264
1 403
1 759
1 375
1 64
1 669
1 888
1 546
1 118
1 600
1 782
1 844
1 606
1 409
1 391
1 806
1 55
1 792
1 361
1 699
1 950
1 793
1 608
1 29
1 780
1 274
1 975
1 724
1 469
1 395
1 80
1 912
1 704
1 486
1 237
1 612
1 582
1 27
1 366
1 490
1 183
1 114
1 421
1 773
1 575
1 331
1 919
1 406
1 985
1 557
1 388
1 532
1 746
1 654
1 762
1 205
1 418
1 914
1 207
1 204
1 840
1 671
1 934
1 518
1 135
1 778
1 392
1 510
1 397
1 846
1 188
1 407
1 538
1 194
1 104
1 192
1 794
1 300
1 73
1 536
1 229
1 737
1 99
1 511
1 320
1 2
1 676
1 868
1 182
1 967
1 240
1 997
1 251
1 162
1 897
1 994
1 625
1 69
1 590
1 149
1 525
1 622
1 180
1 212
1 133
1 862
1 371
1 713
1 637
1 359
1 360
1 657
1 175
1 591
1 528
1 820
1 456
1 666
1 501
1 277
1 658
1 750
1 372
1 977
1 438
1 777
1 172
1 6
1 171
1 178
1 727
1 764
1 83
1 454
1 291
1 268
1 65
1 364
1 850
1 683
1 258
1 42
1 385
1 829
1 111
1 911
1 314
1 856
1 507
1 169
1 680
1 203
1 68
1 988
1 790
1 802
1 757
1 318
1 593
1 962
1 788
1 14
1 880
1 31
1 208
1 465
1 449
1 8
1 772
1 282
1 382
1 294
1 63
1 286
1 1000
1 781
1 720
1 365
1 906
1 890
1 661
1 892
1 211
1 698
1 813
1 712
1 419
1 816
1 695
1 141
1 768
1 613
1 732
1 377
1 38
1 885
1 733
1 4
1 140
1 164
1 902
1 542
1 872
1 960
1 347
1 102
1 92
1 98
1 105
1 368
1 52
1 201
1 776
1 963
1 91
1 34
1 379
1 381
1 363
1 569
1 998
1 519
1 580
1 640
1 500
1 458
1 682
1 158
1 643
1 414
1 337
1 425
1 993
1 629
1 559
1 691
1 217
1 349
1 937
1 94
1 344
1 475
1 592
1 33
1 730
1 119
1 435
1 125
1 311
1 78
1 954
1 634
1 61
1 219
1 196
1 870
1 996
1 30
1 278
1 430
1 553
1 576
1 444
1 252
1 913
1 881
1 297
1 717
1 12
1 53
1 48
1 448
1 904
1 333
1 603
1 786
1 393
1 434
1 36
1 758
1 474
1 215
1 565
1 108
1 700
1 855
1 736
1 685
1 986
1 484
1 564
1 893
1 101
1 214
1 895
1 738
1 232
1 499
1 312
1 926
1 620
1 107
1 701
1 745
1 842
1 539
1 144
1 39
1 3
1 990
1 457
1 185
1 886
1 667
1 159
1 463
1 177
1 50
1 324
1 830
1 899
1 45
1 521
1 589
1 607
1 209
1 367
1 877
1 317
1 443
1 415
1 109
1 638
1 293
1 641
1 376
1 106
1 190
1 541
1 867
1 652
1 186
1 210
1 664
1 71
1 441
1 545
1 978
1 514
1 517
1 145
1 729
1 716
1 655
1 935
1 767
1 917
1 276
1 292
1 601
1 509
1 341
1 714
1 345
1 279
1 150
1 595
1 910
1 755
1 944
1 584
1 567
1 860
1 719
1 152
1 633
1 810
1 723
1 374
1 380
1 128
1 966
1 179
1 396
1 455
1 17
1 642
1 873
1 49
1 610
1 244
1 864
1 871
1 999
1 971
1 218
1 865
1 775
1 854
1 679
1 43
1 513
1 636
1 710
1 335
1 189
1 602
1 20
1 19
1 697
1 915
1 754
1 715
1 254
1 239
1 440
1 288
1 663
1 400
1 821
1 123
1 832
1 674
1 429
1 689
1 416
1 876
1 811
1 980
1 779
1 693
1 605
1 791
1 943
1 432
1 531
1 673
1 504
1 817
1 561
1 58
1 246
1 942
1 983
1 845
1 257
1 991
1 837
1 228
1 672
1 369
1 741
1 230
1 889
1 153
1 224
1 236
1 761
1 25
534 139
522 973
755 193
229 841
861 997
301 587
944 5
982 832
364 80
702 342
21 626
295 235
258 165
713 715
102 455
10 353
592 249
325 65
159 271
905 20
268 923
605 211
926 305
761 8
384 462
67 403
87 361
355 63
243 785
776 62
239 503
414 548
469 456
612 627
726 235
364 711
157 686
639 800
989 118
806 91
579 871
493 383
949 565
444 910
69 938
970 306
159 102
572 346
557 183
971 1000
135 53
429 9
737 785
807 725
902 331
815 199
919 26
580 868
308 742
496 375
398 465
399 555
285 969
899 559
151 588
277 3
358 704
10 94
207 534
818 108
582 351
305 500
94 603
86 400
344 580
774 740
763 172
13 47
140 630
604 8
935 879
727 293
301 454
385 506
986 920
332 286
270 354
784 81
955 869
480 17
167 971
755 928
860 767
692 998
115 14
723 49
891 168
340 909
620 724
134 324
643 464
608 631
816 110
710 490
977 907
505 862
877 978
789 736
744 481
452 857
493 892
623 103
59 962
729 677
404 861
718 764
43 325
394 577
434 822
66 129
447 288
989 324
265 497
777 726
976 947
301 187
838 923
7 896
884 735
291 287
595 9
50 637
51 162
213 202
701 995
330 147
282 37
188 546
532 683
989 226
629 290
131 466
212 136
80 813
588 89
99 183
814 865
537 863
744 467
65 444
461 112
309 460
865 214
723 116
895 712
59 523
1000 906
707 929
42 504
741 628
591 557
528 404
421 782
985 883
248 767
45 426
596 352
604 460
565 326
293 178
755 351
419 473
256 125
401 15
346 859
361 936
415 887
58 554
388 42
155 634
526 198
778 121
549 381
580 831
424 590
726 897
939 144
369 913
985 488
926 331
346 286
984 479
891 759
750 996
519 903
348 44
818 125
164 85
223 461
633 365
50 359
261 707
220 628
619 205
115 544
253 179
548 954
375 157
712 842
152 230
463 217
991 280
341 154
364 281
332 995
644 380
72 903
86 291
250 703
213 82
965 183
977 231
854 351
105 565
910 973
513 372
189 222
370 247
374 732
527 704
445 888
801 235
791 886
524 758
307 454
838 989
354 815
937 207
883 41
489 793
731 1000
164 638
221 251
883 312
981 128
733 145
16 253
378 805
856 619
562 162
790 118
869 143
931 805
348 814
564 835
325 13
554 206
649 492
456 532
522 155
658 972
298 672
224 393
195 79
729 474
240 518
591 826
378 240
630 443
771 911
996 95
300 571
477 754
820 997
907 197
969 923
867 192
34 780
270 762
971 227
997 561
52 94
519 399
535 289
29 249
383 950
515 400
239 710
153 59
706 777
254 393
418 838
584 451
617 571
930 588
515 926
866 284
737 384
681 990
672 708
238 772
376 471
171 614
180 41
390 603
535 642
995 952
198 297
121 533
585 50
838 99
693 703
381 430
805 61
138 195
487 374
965 861
562 853
193 459
611 581
62 145
940 774
814 138
70 652
669 653
700 506
750 112
926 130
259 730
907 395
923 112
486 606
691 48
177 882
505 786
182 565
649 121
338 462
257 125
832 643
776 531
866 244
360 792
91 617
240 716
11 881
826 496
486 516
261 381
117 764
166 297
48 813
416 103
993 391
945 824
751 439
73 617
682 432
127 490
766 365
205 495
245 31
708 449
264 967
828 379
449 711
393 214
243 527
35 953
635 978
776 385
416 566
1000 815
715 126
305 200
209 227
693 452
974 119
618 956
803 445
53 969
874 445
183 116
970 934
68 604
911 561
706 45
126 425
578 559
268 600
757 475
825 168
645 518
285 262
473 87
706 524
773 298
967 954
412 655
606 197
976 235
756 682
279 599
106 574
157 372
173 631
846 715
797 490
950 799
750 422
603 174
664 376
189 349
48 599
4 653
794 697
886 268
378 882
866 482
455 740
572 345
371 136
778 885
624 446
684 92
867 5
983 249
379 171
596 426
488 317
796 999
14 681
267 390
563 850
590 735
308 161
798 396
14 294
281 355
738 682
445 323
685 146
570 64
35 166
207 240
481 2
956 212
681 940
601 961
789 908
415 815
786 930
210 798
223 489
152 959
888 314
282 573
178 850
354 929
733 278
168 932
278 123
143 676
781 461
356 569
368 488
383 871
417 592
668 638
798 537
315 405
569 314
976 745
164 48
673 614
324 558
545 319
398 406
993 178
865 67
465 951
553 565
540 968
874 208
324 391
462 638
794 30
950 488
492 831
534 882
164 575
158 426
892 555
830 603
450 414
669 632
364 939
197 902
626 788
827 948
178 8
304 970
754 972
457 246
521 708
127 683
282 284
109 891
556 656
213 723
69 880
355 150
537 269
770 162
56 596
828 233
321 131
920 75
820 377
319 341
84 163
741 84
164 848
692 437
223 903
878 290
501 950
439 38
218 208
198 990
521 743
940 841
592 860
633 411
954 950
750 755
830 210
837 712
775 529
148 996
150 743
286 650
692 442
686 627
367 601
617 886
344 275
445 934
134 77
63 87
744 531
841 293
739 396
4 513
642 868
509 791
611 512
440 302
952 843
647 318
162 263
921 223
536 366
874 388
160 936
192 903
466 750
913 204
864 915
434 505
782 941
14 111
131 122
731 776
157 892
756 78
114 10
161 706
396 319
641 306
939 824
55 851
27 917
765 178
141 266
119 153
94 288
323 223
128 771
997 283
662 752
78 494
761 237
199 874
555 557
179 493
380 233
344 124
867 826
300 7
809 136
159 902
142 199
842 268
968 839
268 349
309 345
841 787
580 757
661 134
313 838
345 410
788 406
532 655
231 830
660 758
965 536
378 106
733 219
91 420
57 357
767 84
700 326
869 280
82 529
131 112
86 474
520 591
878 769
245 827
598 623
303 281
158 679
104 609
896 911
28 671
268 512
753 685
836 340
963 635
868 812
745 671
285 982
261 881
750 224
426 66
564 727
65 720
124 167
47 19
78 73
407 63
302 159
746 137
498 428
770 84
239 233
472 241
214 450
839 681
672 264
746 953
708 809
392 830
693 437
567 488
228 972
549 528
849 14
383 65
440 152
147 396
103 336
354 315
784 193
995 175
174 459
127 881
267 517
429 958
672 994
446 898
966 712
144 533
443 525
596 600
676 460
994 777
794 348
809 577
258 522
469 430
979 595
310 245
829 738
921 500
450 85
397 415
514 259
946 956
782 260
555 176
718 268
951 511
333 479
806 589
999 274
736 697
586 46
659 415
501 579
632 949
381 747
83 894
5 746
568 785
6 840
960 722
107 629
951 438
107 475
744 824
747 480
520 52
243 896
465 461
194 814
128 573
560 927
185 563
392 751
67 396
591 26
835 415
372 504
571 478
977 33
20 443
230 257
493 190
152 675
649 344
488 495
635 48
421 818
328 811
288 393
924 596
136 478
10 507
980 298
702 957
330 720
118 558
694 609
747 844
283 114
906 488
607 540
253 746
357 299
275 362
409 199
956 544
394 684
768 373
980 469
48 28
906 164
304 599
490 768
161 490
880 66
696 206
604 947
669 679
245 942
40 653
858 995
914 251
397 681
342 95
867 107
122 491
988 424
807 477
191 966
685 788
750 380
992 353
45 660
749 289
321 788
659 178
501 291
147 896
689 487
989 274
592 828
763 579
969 569
774 877
253 458
665 2
836 375
73 879
753 820
885 73
326 262
967 825
270 113
439 957
598 428
230 908
973 710
486 942
278 259
818 249
434 201
967 987
575 39
585 46
577 188
117 901
449 83
445 717
195 882
393 510
28 621
417 1000
50 621
941 326
597 477
292 31
396 259
17 688
15 319
732 309
506 847
928 672
647 372
107 559
253 498
69 280
837 203
997 885
822 656
928 419
850 220
167 245
196 900
931 209
219 662
517 723
227 163
113 873
533 218
150 503
715 935
781 270
138 496
154 677
151 799
95 1000
18 260
244 930
160 175
857 96
554 92
536 780
253 647
371 784
863 238
286 577
173 785
564 309
280 716
984 149
234 797
148 968
774 109
898 932
1000 754
745 273
844 280
52 96
925 140
878 788
376 881
83 547
384 646
573 382
80 276
529 312
72 394
220 177
495 220
648 239
518 260
585 442
117 181
947 491
779 30
756 163
674 328
262 752
321 789
64 391
900 61
953 119
236 166
56 601
403 264
91 638
241 393
798 356
291 744
565 69
772 320
948 164
365 209
915 685
715 696
793 333
755 464
170 708
628 224
27 31
206 116
386 445
507 183
519 515
926 83
301 416
120 249
579 202
175 212
604 608
625 397
939 98
578 108
804 206
50 829
953 254
662 338
416 886
520 652
400 164
452 699
297 570
665 874
490 558
803 93
165 427
207 821
523 784
647 45
988 414
591 940
385 252
277 799
855 514
170 254
395 620
671 691
190 335
283 678
610 86
488 492
511 694
313 34
477 677
795 183
90 386
122 473
355 116
989 210
348 158
181 741
777 850
150 684
903 432
80 512
516 285
4 744
977 34
495 172
709 290
353 516
674 192
706 746
307 694
954 372
570 853
112 65
702 979
466 323
410 263
553 643
546 274
386 523
25 880
412 451
169 764
965 560
954 670
24 978
82 977
349 369
829 179
432 249
157 615
290 284
876 841
925 422
832 310
662 855
907 73
305 793
554 269
352 508
656 94
204 455
70 271
542 616
167 691
582 41
306 589
323 181
429 247
320 978
274 980
832 181
771 136
972 324
122 43
549 495
135 752
668 921
740 209
255 905
898 835
944 203
424 266
102 570
230 139
267 502
119 98
400 607
951 372
929 790
132 478
4 265
947 670
185 686
596 157
590 493
990 252
414 132
235 233
420 463
370 685
682 206
500 800
811 450
889 740
958 20
935 960
283 881
348 185
285 661
59 873
153 48
842 284
897 76
515 35
537 603
718 936
807 217
735 618
385 623
76 61
360 10
738 360
608 803
543 891
463 600
482 333
366 323
616 980
116 848
14 370
450 449
305 257
383 758
873 485
99 666
544 458
674 999
816 999
801 78
608 263
395 89
595 478
129 928
457 243
775 188
611 225
354 633
199 736
109 789
938 207
454 482
663 845
199 197
843 999
273 450
979 386
256 573
862 102
219 38
343 993
942 671
935 296
22 133
749 130
639 686
335 92
885 715
935 84
910 496
800 901
663 778
286 917
70 865
736 287
901 796
279 562
466 931
856 486
781 604
614 419
8 666
509 892
380 162
693 9
656 492
908 37
269 911
671 56
775 406
342 395
201 338
674 384
269 529
869 49
850 201
467 856
585 693
466 963
854 158
689 228
367 315
264 354
225 652
408 718
58 748
830 257
804 503
640 72
749 227
837 598
145 22
172 728
433 356
410 286
231 98
231 597
412 212
949 354
863 75
789 919
541 618
893 344
120 251
414 586
476 968
183 339
708 73
66 140
146 474
143 375
290 372
689 419
302 356
771 164
430 560
800 969
895 411
312 733
661 443
318 854
129 219
192 835
290 975
973 434
167 115
526 455
205 215
872 505
288 362
386 716
639 903
403 533
32 432
265 410
592 582
264 439
799 173
273 806
147 964
957 313
796 201
485 999
133 357
222 420
436 325
853 74
227 974
324 976
405 588
385 715
887 647
153 404
538 143
927 683
106 883
713 901
801 198
618 933
272 839
352 425
163 922
497 108
895 819
83 19
125 466
732 729
831 883
132 368
25 58
768 848
658 200
748 459
396 84
110 385
921 179
808 802
100 23
627 994
559 708
12 402
891 461
130 440
343 979
525 85
754 12
931 412
210 397
588 323
480 415
706 119
592 232
919 690
971 545
402 529
970 131
929 580
590 777
737 650
755 980
453 508
990 383
918 199
498 224
239 976
637 662
812 228
892 731
636 581
993 37
109 682
885 756
979 474
532 715
842 286
694 294
792 402
394 429
318 890
651 555
584 7
934 396
951 544
844 586
124 555
341 232
954 943
986 932
416 517
366 975
520 777
268 311
179 661
738 214
550 108
487 852
831 420
247 781
963 90
362 144
35 316
86 20
247 219
254 330
194 772
107 460
801 3
120 257
933 388
363 419
239 911
838 203
411 800
10 495
603 370
356 637
684 440
374 649
657 627
977 568
117 801
28 916
521 864
891 454
969 253
871 925
882 427
127 292
226 135
504 547
223 858
183 624
297 555
272 671
899 967
239 16
486 983
649 725
846 539
896 534
510 485
458 110
911 584
400 854
436 902
400 376
478 581
999 492
136 270
162 752
954 118
485 440
818 852
882 383
109 777
915 336
261 372
444 889
673 842
743 827
462 142
202 938
441 200
429 294
188 309
45 859
144 529
17 961
380 897
343 487
673 975
822 652
346 983
540 737
544 282
282 5
142 201
661 581
119 807
873 305
833 916
163 695
163 897
655 541
793 715
746 185
689 286
835 752
268 93
207 810
93 487
533 233
406 911
812 523
436 684
826 987
318 706
681 480
602 335
738 114
767 202
297 174
205 849
924 191
940 849
718 32
54 968
981 458
878 792
979 33
194 523
19 230
229 698
427 548
750 882
660 516
802 674
688 6
522 330
195 181
178 631
929 231
598 910
406 476
420 385
226 332
906 243
560 852
939 985
400 688
585 777
921 386
170 327
391 690
655 303
588 551
932 517
499 530
145 903
723 563
287 947
893 911
907 452
762 845
155 161
251 739
656 889
124 824
215 232
232 587
534 819
855 465
54 353
712 197
974 434
758 260
99 370
170 5
820 650
567 693
809 535
150 183
423 272
6 355
222 955
660 754
773 514
936 544
585 648
739 558
799 215
535 897
583 423
619 122
72 186
813 598
438 961
780 860
950 503
932 171
176 591
923 947
823 578
209 407
943 946
682 741
879 934
356 461
356 974
581 145
877 393
742 314
72 240
891 22
460 823
909 635
132 551
300 672
128 508
796 70
172 477
809 50
411 165
510 484
856 808
628 732
201 88
45 989
45 935
10 503
476 918
855 325
468 873
996 313
380 791
381 269
986 907
37 115
789 545
597 644
352 942
375 270
747 138
977 790
790 985
12 265
621 584
307 806
456 302
118 553
811 216
821 515
123 856
628 910
119 942
273 188
603 365
176 349
501 152
857 9
854 867
990 194
450 297
998 905
316 834
176 126
767 995
639 607
569 984
517 686
645 507
592 247
870 766
313 90
635 169
815 488
753 805
399 203
101 116
825 134
667 999
259 433
713 615
40 281
318 274
685 961
779 276
925 367
759 237
174 112
405 988
598 157
792 715
77 610
829 619
742 495
337 718
926 49
52 683
47 368
955 730
47 452
723 970
818 200
206 990
310 328
696 626
203 206
340 996
814 168
615 275
380 950
710 24
716 760
706 761
845 379
491 609
830 213
578 366
131 502
74 439
547 769
64 748
973 402
463 506
287 77
498 384
744 207
407 459
685 830
219 248
208 427
856 755
358 152
120 487
371 911
924 917
398 987
383 370
107 844
593 393
638 90
775 100
15 899
557 417
728 494
663 654
919 237
408 994
388 246
480 757
156 404
392 552
639 214
336 950
324 973
39 817
72 770
434 347
186 162
839 848
814 476
802 939
470 907
902 667
383 57
70 773
326 895
265 683
827 600
632 868
291 388
684 361
158 118
425 342
996 981
907 528
457 709
466 644
334 368
310 715
142 98
207 186
991 470
867 536
69 498
404 77
884 87
156 41
921 579
101 635
560 725
162 734
152 346
96 485
431 123
199 290
219 404
474 928
592 340
463 378
555 584
454 158
389 608
915 309
904 15
662 463
739 822
914 889
885 727
92 315
849 290
323 785
411 795
431 2
853 612
379 126
195 550
282 582
157 197
609 60
928 270
241 666
809 872
274 694
599 364
726 166
371 48
949 500
561 380
500 132
709 596
256 902
863 256
484 19
451 810
796 378
797 754
762 605
344 753
17 660
834 742
824 205
507 492
703 67
589 920
197 297
235 171
198 97
425 399
833 593
208 347
688 722
100 449
327 442
919 342
102 753
801 643
956 308
134 377
92 721
296 7
17 529
176 932
344 318
330 176
909 256
521 596
976 338
763 21
497 681
362 316
152 880
958 107
187 809
201 996
530 496
2 264
742 894
195 85
929 524
259 837
151 191
833 631
211 49
312 290
363 181
169 320
287 74
129 205
69 376
699 787
638 441
399 551
243 327
792 220
881 288
715 31
477 267
380 405
314 690
693 675
588 861
713 592
652 559
796 438
652 494
224 289
652 340
557 894
665 348
831 264
353 545
12 548
810 390
951 841
797 363
235 385
941 946
975 592
223 770
29 873
982 969
879 633
308 436
245 690
782 75
952 853
338 962
400 865
71 350
706 866
711 939
250 651
603 943
960 824
712 987
696 693
674 293
45 980
727 7
388 228
81 339
80 136
20 478
999 807
545 423
672 974
361 640
343 681
582 22
504 12
8 917
704 400
928 466
379 654
471 766
880 269
822 677
403 559
872 121
365 136
542 755
109 621
394 169
301 974
189 523
984 914
158 406
313 85
870 409
457 60
892 336
327 714
731 448
990 602
567 355
455 108
109 281
446 220
449 746
911 355
986 613
986 143
19 298
945 606
425 401
383 316
454 428
747 184
874 737
504 159
809 957
983 635
238 429
853 404
892 763
757 877
375 743
19 111
758 681
435 182
81 816
216 534
243 961
716 116
697 937
991 224
613 974
576 849
402 428
970 293
908 445
887 2
905 623
829 663
304 263
562 383
797 776
915 39
737 350
872 152
5 862
94 616
554 668
183 673
814 152
683 440
596 569
159 500
192 987
162 494
967 442
594 763
217 228
520 671
295 110
822 298
689 914
913 243
300 95
633 113
246 316
552 559
883 709
58 792
414 937
4 381
378 597
861 312
542 99
982 835
207 803
132 895
435 762
855 733
856 487
845 819
801 115
377 403
822 152
194 236
88 197
334 183
511 194
494 52
292 475
885 216
995 734
828 429
496 401
161 70
887 723
887 406
836 981
807 377
850 719
611 937
633 662
837 143
854 330
911 863
803 795
528 624
943 741
25 822
809 629
544 414
752 99
394 278
474 244
995 802
898 346
463 734
487 35
782 397
616 303
909 412
818 155
753 760
895 495
300 703
841 562
117 593
659 228
869 850
189 582
651 86
926 113
538 131
864 38
245 479
339 153
608 874
306 361
353 200
573 651
621 414
212 736
6 588
962 592
437 151
173 87
953 816
916 209
945 499
245 189
976 302
340 303
893 363
662 245
281 952
895 900
365 824
635 88
412 315
678 847
464 568
652 136
383 286
62 327
783 25
514 478
325 571
779 217
933 159
180 213
110 74
112 193
615 464
279 26
777 675
591 959
242 960
812 624
963 872
949 746
895 182
941 937
751 719
154 402
595 51
613 703
123 442
613 455
623 891
199 400
565 788
77 805
466 887
758 96
891 372
276 831
308 744
268 179
146 861
228 476
283 68
636 894
503 719
375 785
225 450
590 689
55 735
834 531
548 725
901 822
274 208
566 260
386 710
120 331
903 120
398 538
732 918
795 234
355 169
19 578
337 326
984 390
778 536
919 326
260 819
865 252
745 430
510 848
857 347
178 760
185 574
297 915
210 809
866 563
696 602
858 32
926 841
420 423
377 339
747 354
875 611
323 619
759 550
466 334
615 362
93 798
653 108
431 862
634 296
143 329
616 719
359 260
559 497
681 653
553 146
725 427
756 765
764 233
315 947
565 647
308 376
444 960
201 592
540 833
605 400
880 220
118 238
479 395
452 159
765 4
304 208
430 777
972 193
9 5
139 291
650 165
665 811
842 583
402 381
416 6
779 295
225 615
250 421
9 701
578 772
703 599
979 850
375 950
42 101
672 898
110 321
780 773
131 621
75 250
719 208
972 216
501 196
829 468
334 836
886 911
608 308
228 586
157 602
254 916
420 924
532 528
962 311
20 810
649 93
59 367
299 30
581 517
943 410
702 276
963 307
904 570
613 132
873 487
451 844
402 869
767 651
116 728
960 134
537 608
943 313
692 959
342 991
194 3
119 894
277 81
200 899
369 530
30 959
17 479
803 136
66 569
786 180
16 745
31 270
72 691
582 481
649 641
471 560
361 588
173 355
668 371
253 36
619 281
993 634
477 514
768 542
83 272
720 815
735 469
802 805
285 526
460 755
85 819
342 256
174 727
345 144
424 192
314 899
704 799
789 597
318 523
65 838
327 940
938 329
184 398
801 986
216 861
959 107
587 22
250 67
701 391
257 732
8 678
250 166
182 38
480 498
559 543
335 603
201 991
930 384
388 731
88 321
310 46
146 895
67 394
679 766
502 653
217 508
331 465
391 511
501 869
726 59
130 779
660 330
769 308
431 874
756 517
194 65
280 338
678 345
449 356
829 949
727 45
176 57
508 284
566 726
153 10
783 999
787 161
47 274
467 195
147 941
710 59
5 989
114 681
52 562
755 879
229 481
922 122
255 148
405 538
872 275
546 373
273 52
532 38
324 717
231 189
657 940
246 379
647 358
778 416
637 251
295 865
730 934
704 702
82 108
239 671
381 783
44 372
552 293
127 594
727 356
781 102
14 744
480 378
819 975
793 175
225 87
39 672
738 460
373 818
567 610
208 665
111 250
754 662
541 879
255 268
235 753
368 965
215 565
343 33
539 135
924 481
938 680
140 523
212 705
850 418
88 960
666 841
340 924
438 593
909 390
64 995
355 277
278 415
27 816
548 950
15 204
629 166
877 767
406 806
190 256
223 277
933 606
117 272
249 553
582 875
942 644
869 15
638 147
428 663
680 693
331 693
895 678
576 490
444 981
296 352
954 236
627 886
560 461
875 807
731 456
681 672
99 269
404 735
414 830
116 811
522 446
503 135
841 797
624 284
496 637
634 449
871 978
53 430
438 926
954 169
100 635
558 197
621 961
649 34
509 482
562 31
645 64
882 485
578 505
487 73
141 838
520 730
816 290
159 971
933 113
139 32
465 696
945 85
375 312
835 882
793 396
630 437
177 512
640 473
734 126
544 874
962 782
603 496
71 479
467 4
309 604
752 491
18 697
293 110
8 845
991 799
958 339
954 853
849 593
325 302
436 867
175 397
648 495
892 437
691 358
439 999
679 190
208 696
604 500
523 611
344 513
128 21
570 81
872 137
391 196
437 825
780 610
940 147
822 550
582 513
906 20
230 303
926 436
997 530
653 520
140 715
750 984
734 38
783 605
174 891
518 609
716 16
937 374
161 758
922 741
988 827
478 935
129 404
371 844
651 23
82 508
455 549
491 188
586 273
510 758
164 27
85 597
42 21
969 201
497 890
660 203
435 137
138 281
539 226
842 907
965 641
414 420
190 904
606 493
894 116
250 57
859 52
371 899
72 339
818 286
946 196
487 99
331 623
98 588
566 938
494 531
298 907
949 205
810 554
696 703
387 663
478 246
713 847
862 783
904 398
786 568
592 273
385 641
613 481
228 179
137 439
427 152
345 375
355 872
646 50
294 33
711 489
277 424
54 856
924 956
254 710
243 844
700 626
484 31
824 429
926 678
867 352
829 929
725 183
801 371
232 812
121 660
300 396
801 352
251 725
27 222
153 268
784 570
611 985
599 434
414 525
829 280
875 657
926 319
558 726
688 507
537 807
166 554
920 966
905 888
409 930
110 279
915 611
847 525
595 164
676 8
687 504
5 281
879 930
598 436
374 4
660 629
528 824
182 166
508 86
771 915
733 598
911 647
208 757
171 802
639 845
527 325
68 531
323 945
179 638
99 551
359 757
179 885
299 79
768 806
163 539
439 895
854 69
541 62
824 430
581 462
274 107
505 59
355 545
721 532
183 818
801 540
293 697
144 310
774 629
833 655
885 989
549 739
57 807
799 599
236 379
778 228
484 282
285 557
826 6
88 726
541 606
983 552
303 844
579 794
473 411
448 357
399 714
95 174
521 611
771 474
988 548
700 191
548 703
746 92
707 551
816 965
157 798
235 177
361 812
969 832
222 417
906 339
848 1000
511 368
610 281
560 317
546 259
225 93
679 688
183 104
238 997
69 112
514 302
287 873
832 974
423 53
109 328
109 955
327 618
42 655
616 600
689 162
576 912
253 255
599 435
357 554
150 143
665 662
163 950
253 993
642 674
45 749
2 153
704 46
488 744
418 104
343 106
264 917
735 515
889 52
667 246
605 816
106 269
196 267
936 448
259 578
839 22
326 839
891 747
603 378
490 20
199 550
843 461
186 577
694 74
628 79
37 950
893 142
218 89
407 871
254 384
167 92
404 492
649 294
956 969
389 446
987 587
713 548
765 897
843 458
689 470
255 443
138 147
302 354
952 427
942 923
809 109
15 212
318 381
223 273
349 610
717 54
914 149
320 679
763 162
854 451
349 108
612 485
972 912
556 923
338 497
846 146
604 578
957 15
193 24
343 627
794 256
774 113
652 537
273 506
705 339
331 316
822 302
946 377
225 283
873 788
147 195
84 938
833 758
952 743
780 13
369 292
985 861
404 637
116 394
860 538
732 190
572 272
491 517
648 433
798 239
938 662
151 21
600 982
777 270
724 275
281 811
565 265
671 686
900 504
80 478
41 529
667 611
799 875
845 165
26 643
402 962
304 271
700 621
252 476
889 975
468 169
504 32
152 174
436 51
395 514
528 434
760 912
763 277
786 607
441 529
967 560
490 989
829 907
609 799
382 217
492 567
384 994
597 534
885 32
303 279
263 548
430 740
178 192
17 681
517 175
209 483
452 416
190 281
322 798
797 421
14 288
986 115
281 301
367 165
332 387
161 312
933 589
770 110
499 785
789 15
677 715
215 128
130 404
126 450
919 921
869 650
208 573
482 206
872 847
369 921
233 247
951 883
835 720
710 333
223 498
65 898
930 278
743 59
399 868
226 36
788 812
684 995
384 884
918 256
730 287
894 681
532 844
282 85
563 991
416 503
207 198
400 137
475 143
912 591
728 138
626 515
948 28
228 51
910 146
24 359
150 916
757 399
479 38
483 41
28 616
262 952
813 660
88 6
520 998
595 965
853 938
480 801
965 425
850 874
569 591
232 436
506 706
834 983
743 35
742 488
368 3
439 898
380 525
902 618
242 216
582 94
153 779
612 117
204 180
709 490
769 658
925 275
364 477
975 106
229 435
311 595
436 749
493 534
991 113
151 950
46 450
44 198
229 373
32 431
552 458
919 320
116 562
312 478
38 6
301 265
439 610
578 593
77 70
126 68
899 993
17 944
442 777
859 669
150 608
817 700
66 736
737 898
297 767
94 53
771 112
316 209
720 892
519 796
679 643
581 297
635 596
958 77
92 535
463 240
142 280
657 924
733 112
540 747
877 632
798 647
742 832
574 181
723 92
694 121
453 274
135 87
587 92
880 677
625 62
915 484
340 290
127 72
401 665
817 277
16 334
642 756
165 933
654 605
742 347
724 194
338 576
998 924
666 877
319 9
937 952
492 994
241 617
783 640
999 319
635 14
651 276
769 814
926 141
418 667
487 860
860 823
435 857
465 819
452 783
826 108
734 36
101 692
651 883
332 650
201 684
381 850
958 149
382 602
8 517
268 493
376 127
34 529
701 217
66 153
998 890
259 450
644 358
141 294
958 190
661 158
872 760
626 106
149 632
622 416
124 715
260 875
961 960
91 26
830 806
634 806
255 277
163 113
288 839
21 667
995 891
426 439
158 51
543 305
682 882
438 523
597 416
397 276
94 205
20 922
10 652
727 981
646 607
812 932
445 831
317 159
440 741
510 856
619 909
738 774
431 53
189 546
327 281
749 345
202 477
714 646
176 359
253 986
10 415
535 44
572 974
503 885
569 12
741 187
638 197
960 68
966 866
331 292
147 798
355 66
992 786
711 167
863 681
871 590
95 405
632 385
378 134
987 946
862 727
850 499
641 528
285 606
394 614
616 258
130 688
322 121
473 750
6 335
149 875
923 243
279 274
125 331
320 986
776 887
203 135
415 205
740 526
537 355
782 665
760 821
785 232
571 508
285 718
382 925
678 659
198 740
33 322
789 70
26 564
675 227
416 807
431 155
332 966
227 831
349 985
370 851
935 658
358 219
376 738
143 771
116 340
230 865
379 18
653 403
299 327
628 713
133 776
586 182
460 811
730 808
515 99
658 449
756 16
385 849
471 526
338 585
583 566
169 960
582 820
362 598
864 708
311 995
483 895
894 942
424 623
468 937
720 125
104 194
857 487
42 47
731 379
349 313
943 516
273 244
54 352
840 916
59 868
629 260
762 522
201 904
862 386
559 301
509 381
493 85
866 534
130 315
911 196
627 572
711 617
814 763
967 373
679 744
240 307
3 720
547 920
342 408
305 899
707 531
279 200
333 863
451 180
177 80
375 521
650 85
855 183
565 541
273 243
284 511
268 285
948 813
204 289
938 226
188 645
755 184
562 88
46 12
266 940
90 639
460 457
441 315
638 6
854 909
965 855
139 232
857 86
762 778
374 700
3 279
344 756
461 904
561 225
633 826
164 721
183 341
177 623
373 533
346 944
160 310
798 297
260 654
101 21
431 192
719 432
469 780
906 647
402 185
589 34
10 470
753 910
810 648
251 900
180 595
844 57
622 360
353 880
14 452
900 162
642 337
312 828
117 935
474 517
119 781
550 846
250 21
755 777
386 723
677 283
36 239
339 656
597 690
536 328
859 154
489 500
489 518
327 604
452 518
839 569
17 388
414 266
126 886
42 511
608 436
511 642
392 848
17 988
256 551
315 114
703 521
331 909
38 375
513 207
611 351
775 626
456 906
890 299
511 650
808 118
803 38
478 195
884 493
900 140
761 932
970 182
453 301
90 208
674 601
133 284
669 625
909 842
530 517
141 40
884 666
875 687
702 71
599 586
281 498
443 41
429 412
939 599
430 28
525 104
347 656
105 733
280 13
575 527
248 714
285 131
98 159
535 799
946 851
103 226
67 263
983 495
673 921
811 821
947 335
923 12
708 27
744 986
757 318
232 722
749 515
570 845
391 105
643 336
673 463
279 739
724 979
951 116
899 761
935 564
814 576
294 521
320 37
226 76
72 456
796 819
688 366
382 78
188 25
131 578
205 408
316 928
105 266
43 3
284 277
270 295
796 588
330 739
382 400
912 177
936 599
260 318
675 165
60 523
742 263
929 775
190 33
759 949
752 503
643 754
778 911
48 292
499 96
749 879
494 660
773 149
977 751
465 370
914 523
892 374
784 539
149 692
290 906
640 41
127 283
512 622
193 278
912 409
372 660
287 583
39 778
730 15
528 194
102 160
434 992
533 936
531 399
346 819
23 984
577 148
984 807
768 895
84 398
303 454
776 308
36 813
85 484
545 330
395 645
488 547
356 738
482 885
854 826
422 594
528 716
740 512
522 226
125 604
342 426
775 117
451 529
647 534
12 909
581 405
272 787
950 626
524 150
229 97
693 368
689 221
84 148
450 604
91 573
208 431
716 700
265 167
228 629
418 238
537 998
361 527
784 29
152 26
896 99
121 588
465 809
526 547
955 693
151 45
265 76
194 699
493 457
864 720
86 281
675 340
996 35
865 498
781 735
523 676
832 642
263 296
169 507
561 841
199 429
604 463
503 515
161 713
970 742
432 773
740 107
831 736
858 695
233 638
429 473
32 978
833 294
274 1000
799 552
560 715
979 881
177 200
395 55
911 364
514 343
855 254
167 685
988 24
98 938
380 245
411 410
222 243
421 213
960 937
763 238
652 741
118 546
939 511
319 850
593 831
910 447
84 76
849 789
816 945
446 195
907 855
323 129
815 742
59 493
679 821
730 49
280 846
593 937
76 910
505 667
741 414
831 542
207 679
331 740
342 775
934 967
348 974
95 880
715 152
372 112
690 101
159 969
665 751
905 739
379 128
405 119
540 235
660 464
631 708
203 690
482 854
656 547
827 468
426 261
338 796
371 27
615 248
713 279
716 336
17 94
462 139
212 719
372 589
182 720
296 103
128 495
955 502
41 501
968 184
479 24
978 567
50 592
813 480
588 528
815 603
621 994
740 550
713 829
138 612
267 151
713 113
644 387
613 402
605 299
584 83
322 561
648 89
871 461
567 458
706 381
779 45
94 237
593 805
784 729
135 50
878 847
161 240
951 491
640 274
789 223
355 828
502 720
915 91
180 481
266 604
580 44
647 672
998 240
195 781
686 328
548 283
892 427
521 561
916 879
833 423
101 905
968 320
625 882
409 803
82 674
125 379
435 771
768 432
728 961
930 413
7 478
413 617
903 933
177 537
530 728
678 348
632 645
667 256
246 793
777 326
185 900
703 619
389 470
768 116
149 698
528 872
893 939
488 514
590 383
768 119
110 445
466 740
808 850
995 53
642 771
377 545
389 797
163 777
984 648
891 132
64 137
721 955
794 209
187 383
590 954
220 698
117 403
156 923
970 868
974 611
357 69
155 745
864 35
521 566
401 130
696 463
266 417
137 59
343 41
159 931
993 96
347 828
497 220
88 443
795 443
510 667
187 93
420 425
657 819
554 72
999 537
206 853
313 547
893 189
196 604
284 260
431 498
478 181
963 283
341 476
725 568
860 629
659 279
54 35
815 325
105 533
579 28
385 890
292 995
78 205
599 79
463 747
576 658
645 257
659 984
731 383
552 590
11 928
587 781
961 120
823 783
651 401
809 754
290 100
748 86
303 65
163 483
811 737
859 174
992 517
158 441
898 427
31 626
354 335
126 34
453 947
815 822
348 624
575 636
441 41
439 743
823 601
943 352
56 801
524 48
317 399
487 932
824 235
277 896
287 401
928 739
560 412
365 852
766 524
891 204
984 713
803 926
64 858
446 306
623 480
703 827
131 527
62 406
422 347
524 349
803 588
808 81
999 891
650 764
414 541
966 397
971 488
41 753
345 485
776 685
964 478
511 94
722 290
217 861
355 739
927 157
326 735
955 324
625 604
87 38
862 771
152 552
258 191
23 320
675 797
4 357
274 232
449 995
521 383
855 874
121 782
748 164
235 702
487 858
25 291
613 604
779 763
155 36
671 176
73 64
690 75
419 963
306 585
676 825
966 249
417 86
967 981
584 453
838 326
461 169
928 240
649 801
992 320
975 65
382 384
856 800
346 879
384 739
422 69
986 837
153 734
719 119
714 302
289 271
626 468
438 553
425 87
353 135
124 47
198 504
148 54
22 492
650 405
948 72
472 652
907 342
385 625
179 817
644 185
805 269
370 960
540 793
764 610
927 886
374 842
109 520
613 129
729 263
251 676
333 721
328 957
781 430
582 677
964 225
579 768
212 948
447 469
740 210
78 385
814 170
945 921
688 557
49 136
537 299
810 868
737 855
825 236
4 125
911 966
67 490
453 277
437 617
744 894
825 540
997 638
708 941
277 114
216 325
248 752
622 776
338 77
630 880
312 351
722 222
36 788
429 487
782 864
821 526
477 645
783 192
2 490
132 277
602 65
319 849
534 939
624 871
16 971
469 45
322 191
265 75
977 693
279 758
275 99
2 469
461 783
659 461
990 508
456 311
572 773
877 105
431 219
693 164
189 162
207 228
351 189
301 46
880 578
802 873
394 522
341 854
23 718
314 13
225 487
322 514
978 916
337 408
134 29
289 321
907 213
267 257
400 285
301 998
581 821
870 973
61 928
826 82
645 858
811 869
344 850
101 40
765 436
165 897
464 452
936 370
663 202
345 781
204 363
778 783
901 366
475 960
12 300
42 656
157 851
243 219
420 342
257 184
777 421
81 958
590 16
46 971
934 389
751 137
470 247
638 370
330 112
330 340
129 89
994 4
657 954
939 76
296 195
259 790
333 57
747 641
789 791
611 722
898 80
576 367
325 931
735 372
42 782
710 888
588 423
890 245
376 828
38 389
740 14
178 791
787 923
431 575
714 41
296 330
119 590
695 161
520 148
531 280
929 958
167 235
380 774
197 474
320 952
861 59
964 39
848 751
960 278
325 392
36 339
720 871
646 414
31 165
280 279
162 926
237 46
160 615
818 356
88 137
307 948
913 988
704 479
457 663
475 500
773 509
556 211
380 201
624 128
83 621
406 244
546 641
288 423
973 824
777 779
959 801
445 590
508 148
69 963
528 542
181 300
768 735
510 865
934 851
992 735
471 116
977 734
474 264
156 446
87 651
224 764
170 667
72 676
813 139
358 60
398 537
358 884
990 585
748 642
435 458
376 623
291 352
356 763
334 230
209 138
879 150
619 48
535 690
442 66
546 798
124 662
53 200
545 760
783 11
402 218
468 495
558 476
565 632
239 616
860 165
471 738
32 90
503 565
497 943
349 760
459 471
421 230
669 964
988 171
693 108
106 160
602 662
353 884
293 590
499 152
753 968
607 503
775 110
67 271
52 414
749 510
603 169
457 989
851 444
159 543
270 263
420 589
643 771
472 934
361 969
804 831
936 410
333 711
518 118
699 288
249 447
515 850
334 970
558 184
132 715
725 400
696 862
987 338
632 458
271 710
426 792
260 81
202 310
509 718
426 207
5 393
372 518
960 704
206 517
605 337
950 329
735 645
908 441
981 539
897 969
967 42
761 226
121 680
253 347
552 120
788 641
355 747
63 560
264 666
614 931
712 348
575 619
787 274
876 403
960 842
162 439
785 999
118 37
345 514
151 895
351 937
255 423
684 316
981 665
981 594
595 692
660 887
30 165
160 904
285 119
464 445
557 966
443 392
720 786
623 870
400 972
806 653
395 208
686 94
871 385
406 184
795 783
70 823
665 946
445 949
783 907
393 58
872 554
448 591
339 71
179 456
760 984
108 872
191 512
965 780
895 89
681 689
870 469
230 534
133 673
201 914
298 593
689 169
864 137
478 202
924 655
657 683
357 482
555 266
992 238
45 606
325 443
294 912
910 242
164 43
913 364
674 211
674 363
97 256
217 292
456 140
665 830
821 21
31 94
285 740
330 47
345 372
208 357
2 117
597 165
876 228
246 550
437 637
630 533
891 845
542 65
983 206
894 522
226 642
615 228
381 662
992 444
34 199
799 34
33 114
915 908
340 878
176 776
514 804
27 123
648 286
905 349
588 434
158 202
660 537
582 370
979 614
567 496
365 599
608 998
506 666
875 399
160 108
202 903
947 567
188 851
633 677
367 220
110 523
140 488
778 720
856 475
52 423
970 415
739 296
131 962
960 6
360 837
830 560
739 776
844 926
346 476
602 711
694 430
952 832
635 448
270 490
921 320
630 609
734 87
623 863
48 582
586 406
138 415
683 875
909 526
800 254
719 121
682 132
268 352
681 901
798 950
109 719
269 457
46 720
542 667
302 589
967 605
993 104
738 395
977 646
638 496
617 357
615 17
206 600
368 885
500 883
553 326
601 540
781 365
977 323
31 278
629 996
882 340
99 619
733 794
982 371
289 317
445 621
51 649
220 417
252 437
300 523
480 618
62 261
981 38
301 730
34 647
725 633
985 542
969 718
54 950
806 341
984 250
679 34
169 585
770 467
107 249
802 885
227 502
641 526
231 673
172 954
24 157
214 991
592 266
940 116
324 642
83 720
674 697
54 841
999 822
26 824
71 827
427 296
328 67
540 276
457 710
947 479
584 161
469 893
144 127
8 186
486 807
623 878
222 676
718 221
497 462
762 566
7 188
580 52
254 119
326 428
546 272
625 848
150 811
459 293
656 185
196 141
990 817
18 212
492 454
150 988
914 910
272 638
97 569
688 68
405 731
495 950
2 119
516 869
647 973
161 302
157 74
442 147
608 458
76 100
629 224
805 542
133 794
897 228
363 584
295 766
314 507
434 34
624 948
901 988
921 779
290 795
570 730
940 177
905 15
275 534
237 797
793 368
591 690
314 671
273 607
155 305
113 588
56 454
254 674
441 174
452 729
687 739
177 626
914 82
359 907
614 313
703 406
399 12
95 711
681 86
36 554
108 865
141 880
37 112
553 195
285 722
642 970
460 817
314 92
897 390
997 229
702 700
353 818
429 165
247 828
967 281
381 792
863 239
671 898
349 223
92 351
662 732
39 839
268 71
930 882
459 926
111 878
344 181
695 772
344 659
318 311
938 697
102 519
653 491
416 1000
431 226
70 93
956 107
930 223
894 578
105 353
504 932
948 565
112 362
55 173
20 371
201 957
785 21
475 437
510 609
156 939
833 942
749 507
766 398
448 660
974 270
12 196
919 677
760 748
38 813
919 57
902 838
13 686
857 205
841 85
531 995
741 82
936 490
588 420
605 753
79 578
22 807
492 939
484 969
686 520
781 323
575 401
160 305
228 926
536 757
639 277
838 293
484 144
711 88
895 789
383 915
314 873
572 796
560 975
316 341
297 608
740 175
912 544
626 139
188 162
613 825
156 169
835 638
311 265
443 205
771 824
837 84
416 127
879 974
101 912
33 116
519 491
8 430
34 632
286 939
511 617
482 665
784 317
21 95
580 462
17 69
286 572
151 419
697 747
111 516
658 143
630 177
351 355
324 102
704 328
40 215
943 521
597 726
555 617
538 852
78 273
919 81
843 69
217 258
815 327
491 191
187 838
192 408
355 895
734 394
827 676
632 142
401 186
757 657
755 553
928 673
351 489
459 567
745 991
611 954
182 796
791 265
50 982
671 403
595 404
514 421
797 145
561 198
48 37
572 801
307 499
473 656
705 931
940 168
640 550
121 820
345 911
85 112
892 754
514 205
876 27
624 672
889 902
587 935
656 158
736 961
374 926
336 78
856 275
245 215
824 364
34 886
992 117
997 883
589 229
87 464
972 428
853 860
49 440
795 422
596 249
383 688
174 717
764 748
990 726
961 532
90 993
418 81
828 414
682 135
641 486
632 168
191 398
606 703
818 920
950 200
607 841
634 89
307 343
814 267
873 621
978 290
419 524
657 779
23 971
110 653
856 299
50 462
719 585
100 387
503 705
227 136
792 252
196 324
517 69
943 213
76 81
735 215
897 110
992 918
798 819
289 654
835 337
833 553
640 931
938 142
635 883
276 145
134 190
187 368
975 129
580 50
208 33
981 823
860 973
740 376
510 29
29 345
83 860
896 721
509 553
861 143
154 855
6 286
762 191
371 736
37 668
503 962
700 484
784 278
175 242
652 683
269 680
27 70
258 641
508 766
193 88
626 345
660 349
348 421
538 717
156 293
385 376
254 802
858 755
79 750
995 729
152 264
127 177
51 103
535 557
586 726
643 929
788 302
278 135
440 533
570 594
824 953
969 795
473 545
549 550
295 544
996 164
525 841
339 574
661 592
848 246
317 491
174 823
510 169
675 949
701 244
261 524
914 947
319 386
492 585
653 504
128 368
666 651
926 722
942 586
313 790
549 348
998 440
888 226
608 562
174 308
805 153
549 437
99 585
541 308
170 193
529 296
278 912
665 203
353 325
506 383
114 772
729 829
212 616
55 818
896 945
843 419
97 391
854 913
694 394
220 862
305 748
875 300
378 539
221 729
582 444
112 413
216 558
242 426
892 295
961 787
957 803
205 54
911 58
684 604
170 902
184 192
368 59
490 745
315 428
192 895
871 302
308 86
859 548
229 750
560 189
536 235
709 458
6 338
514 688
660 401
590 842
310 675
899 799
419 932
226 610
826 814
629 851
898 487
398 126
954 675
32 489
628 458
945 632
795 178
320 454
296 627
295 605
301 912
122 438
843 65
765 387
878 393
238 494
598 353
619 551
746 368
758 373
825 702
4 619
597 41
790 892
666 802
215 966
713 335
403 274
398 167
379 993
277 334
685 823
424 149
190 181
520 14
600 242
350 915
281 139
525 946
940 738
790 32
363 905
915 740
898 191
73 103
64 475
924 205
623 113
103 860
126 420
101 474
334 381
331 576
45 270
32 954
358 820
703 719
444 617
177 60
806 966
161 587
441 84
509 781
913 610
640 756
748 740
948 799
838 278
375 881
265 405
553 621
943 255
340 386
870 234
444 394
200 603
699 639
404 207
138 316
816 776
72 282
515 19
80 71
295 453
950 558
576 221
896 518
193 235
621 62
187 64
174 385
384 871
741 786
77 877
101 610
652 889
890 885
906 688
954 918
140 623
194 714
842 90
949 35
42 569
813 227
350 704
610 732
574 350
236 369
944 336
696 596
942 305
199 848
991 870
484 130
492 677
562 53
765 229
804 805
797 335
32 864
39 359
596 330
427 830
416 370
883 112
683 825
134 880
391 124
750 873
970 959
268 250
729 750
478 532
274 992
585 304
855 341
380 169
388 805
998 803
893 599
632 575
142 764
174 531
605 922
123 574
599 108
542 328
857 19
577 130
728 161
151 582
500 529
469 606
53 185
127 944
782 757
518 923
239 690
172 561
330 12
852 647
119 393
973 974
410 549
821 137
428 970
437 645
498 623
250 549
806 375
211 306
849 728
946 805
136 118
365 184
846 217
829 963
608 520
655 736
68 475
590 213
444 744
857 660
366 824
926 171
199 137
195 765
582 140
570 435
256 652
617 820
867 164
782 194
682 156
928 468
629 517
679 791
979 254
169 344
78 94
233 993
947 426
757 247
283 45
681 257
696 16
76 281
897 856
473 578
729 119
45 358
354 442
866 332
694 34
393 770
126 624
481 791
767 238
37 50
999 435
305 694
169 98
974 65
671 165
641 400
283 404
756 635
844 621
684 256
653 76
744 496
418 224
5 902
460 41
669 178
193 691
870 360
787 562
423 458
726 782
856 726
903 330
79 746
668 761
719 39
554 462
533 970
685 256
591 862
295 259
39 205
668 908
283 454
188 423
629 912
204 484
637 106
531 714
569 198
193 288
748 486
434 151
459 24
13 471
1000 50
674 667
675 955
120 862
378 748
492 299
949 847
404 199
279 690
114 471
695 67
934 443
270 367
592 727
109 322
197 108
90 869
773 763
543 610
343 919
76 834
935 743
399 57
940 676
746 53
146 440
836 797
600 105
164 910
830 271
231 744
96 319
613 867
800 873
476 860
510 551
412 444
293 809
500 950
485 245
720 348
402 556
145 720
378 26
629 208
14 577
669 108
614 999
973 132
871 167
990 380
716 402
823 726
210 41
394 693
3 114
759 403
387 902
122 763
645 468
688 657
45 357
763 657
355 735
506 226
900 495
323 335
895 863
778 823
902 172
515 903
3 991
25 388
611 863
868 255
331 556
910 93
630 672
467 983
125 971
926 743
465 249
77 79
829 853
900 731
742 133
352 743
124 94
848 733
956 716
706 5
989 334
814 618
6 280
600 847
968 245
589 432
211 383
228 39
236 127
487 695
977 557
438 100
649 4
550 323
718 973
307 857
42 311
854 360
875 821
603 464
971 812
845 198
568 798
43 55
493 19
610 648
117 976
650 384
299 87
357 342
510 662
917 551
690 770
909 564
591 230
745 561
759 590
476 326
106 517
98 597
534 425
962 368
120 612
470 417
697 825
476 206
205 111
474 893
880 101
175 189
329 919
748 805
227 941
849 331
458 945
646 709
89 607
795 207
936 264
341 632
806 534
556 10
644 747
620 242
847 512
429 893
430 894
698 374
834 546
423 291
209 68
718 15
392 512
220 328
774 278
677 579
811 950
306 173
697 924
413 262
435 840
154 583
733 569
674 285
114 96
575 41
880 11
54 272
521 991
598 13
268 992
309 796
942 332
967 357
973 98
617 126
655 488
707 387
57 100
390 169
194 682
926 74
691 979
63 929
969 378
659 236
369 966
750 29
297 716
384 987
813 718
112 186
206 537
291 261
635 679
147 546
360 73
337 50
51 398
977 737
774 635
690 861
319 439
607 333
873 990
319 685
707 429
588 630
964 877
889 317
555 36
862 913
825 198
961 593
314 656
329 87
9 736
665 45
175 272
95 47
979 412
449 404
559 36
34 241
912 640
557 185
393 137
98 217
333 776
808 645
432 854
450 158
590 832
920 482
103 14
246 81
425 412
203 701
165 235
659 794
873 215
978 266
69 75
200 401
568 8
763 717
579 930
874 886
762 793
86 582
805 330
381 947
459 582
366 623
815 25
135 406
956 112
389 25
903 588
143 471
313 904
187 609
834 778
495 314
289 579
894 812
627 274
477 803
854 842
144 387
865 278
511 539
107 898
562 728
204 703
916 515
326 102
124 877
598 336
190 885
632 83
415 976
75 891
779 927
732 921
33 315
916 542
852 23
439 414
468 642
834 383
874 159
202 715
35 798
50 223
402 400
24 815
375 97
705 153
741 155
792 772
468 426
313 320
447 470
451 913
829 284
295 702
442 215
136 194
12 902
416 412
301 157
945 675
970 649
545 710
803 55
201 988
480 231
307 644
699 475
276 246
758 288
666 917
501 800
110 512
701 243
641 2
398 585
394 367
952 656
795 473
710 994
460 189
224 485
550 641
958 824
604 434
112 269
350 330
68 178
840 487
138 200
487 535
502 598
619 172
253 132
643 961
125 103
867 67
305 136
425 262
958 28
414 787
296 762
117 81
657 674
566 794
872 770
47 93
367 383
263 338
514 905
298 356
725 883
140 29
18 563
8 693
309 420
480 603
900 595
401 275
986 685
68 577
454 831
668 539
214 929
875 445
552 890
799 994
772 657
740 507
219 466
200 245
884 678
565 502
990 965
776 694
649 561
270 820
111 936
358 42
584 950
485 853
840 2
847 330
657 305
836 594
769 35
556 653
430 121
872 138
85 366
830 451
645 818
270 754
753 346
794 55
295 996
626 134
715 472
463 372
775 298
683 544
50 238
914 197
76 504
333 159
869 880
327 232
697 596
984 169
940 496
222 234
210 846
86 923
36 266
13 529
281 413
790 329
369 703
243 443
924 574
320 792
453 645
741 868
240 724
36 897
937 974
849 864
539 652
787 573
916 517
819 196
929 608
242 297
29 483
738 952
56 57
462 226
420 203
811 377
644 845
274 300
819 840
163 357
491 948
647 125
465 466
319 112
791 559
407 819
759 862
489 813
637 949
756 56
869 567
431 232
130 422
530 947
22 188
358 668
311 540
851 628
650 641
904 774
178 662
354 665
193 989
333 667
762 919
951 911
150 80
51 678
745 30
88 765
216 163
151 526
701 1000
871 69
641 494
560 536
155 912
201 66
620 251
731 381
169 681
10 37
478 60
713 222
806 518
986 21
679 136
264 98
854 853
165 213
346 723
747 499
563 972
914 12
71 801
410 80
836 887
138 267
108 661
784 93
680 181
946 662
278 518
233 160
729 577
601 475
793 953
858 75
924 771
85 993
290 494
790 125
380 645
391 486
305 892
297 703
72 960
364 348
477 595
507 923
889 107
777 254
754 419
743 557
130 32
50 919
874 147
563 982
350 867
873 364
569 943
42 650
10 236
962 234
158 850
58 273
530 833
244 3
251 985
558 98
735 325
16 327
189 297
308 537
881 180
619 449
840 659
816 848
894 777
799 769
345 855
41 592
687 284
593 655
986 868
752 439
910 485
764 98
780 71
353 660
967 970
826 526
347 360
92 240
136 890
727 479
744 766
789 150
767 381
803 753
967 273
191 876
757 673
692 255
461 44
633 147
731 177
671 77
536 761
35 389
650 760
586 113
525 374
261 292
472 781
762 438
772 670
33 528
342 723
500 521
765 850
666 495
27 336
289 280
814 322
667 183
81 252
294 324
343 272
333 814
969 541
481 1000
68 541
722 286
61 205
135 725
698 878
778 705
157 591
26 542
772 824
511 783
147 853
54 197
385 823
8 353
363 487
353 149
27 792
152 86
996 4
528 412
881 305
116 755
895 141
296 385
963 806
168 827
658 220
23 760
760 747
112 123
233 182
988 977
973 139
62 968
141 308
98 739
611 213
494 224
71 788
608 751
593 774
577 968
711 317
446 471
781 557
311 13
737 298
988 428
154 768
114 12
75 211
750 403
141 243
626 210
748 233
959 60
724 254
27 434
288 191
622 68
746 931
797 201
946 504
347 817
271 459
828 63
668 577
464 807
734 284
757 692
342 480
663 87
913 949
276 253
734 739
184 531
938 847
34 284
664 22
742 210
83 128
785 264
789 386
322 545
78 663
25 458
467 655
407 741
906 140
479 807
388 135
373 420
418 36
440 877
962 240
722 465
222 374
478 823
553 273
204 295
729 669
948 853
711 605
739 469
236 874
222 393
469 183
351 190
646 571
282 866
579 758
408 849
748 610
144 476
997 809
329 124
100 39
447 197
853 903
664 88
495 604
480 962
785 548
869 150
118 868
15 414
344 421
262 91
749 123
566 745
650 612
586 748
649 750
662 501
371 45
307 864
647 504
825 150
51 413
298 167
280 312
298 623
450 277
712 198
399 995
660 766
606 964
232 254
432 893
473 802
936 497
665 301
999 209
449 767
620 465
651 898
494 947
239 942
223 950
858 339
663 517
104 269
199 335
521 630
945 711
431 599
925 813
898 923
21 65
408 358
528 58
974 21
4 212
681 944
879 538
282 542
772 104
809 970
156 48
318 100
477 466
697 401
278 594
43 298
657 449
373 903
506 346
922 227
557 321
170 154
857 451
694 348
272 221
36 426
524 743
816 220
861 811
531 902
826 905
351 199
807 574
543 448
799 99
767 968
252 343
137 663
408 407
883 442
831 868
511 73
329 45
10 189
854 258
91 680
162 159
877 687
731 419
134 529
236 618
678 350
866 85
474 467
244 23
334 472
94 661
515 820
849 88
77 657
485 956
533 361
642 263
497 493
509 450
110 442
653 506
790 238
308 264
703 270
4 37
740 97
696 973
634 263
60 710
918 543
665 169
621 306
149 117
516 657
566 624
816 936
847 605
173 155
586 594
423 589
629 162
403 43
134 36
305 910
463 940
452 845
109 790
868 256
625 383
630 190
725 445
843 571
768 734
724 72
327 146
378 673
26 779
714 876
533 736
786 713
676 955
558 502
745 144
756 369
526 105
276 968
267 836
538 752
569 980
823 613
843 200
285 867
697 998
462 947
733 965
659 127
919 934
627 382
796 102
468 321
923 461
288 189
16 543
659 302
522 481
914 365
398 916
949 94
632 410
40 84
374 417
209 12
69 554
111 863
373 297
901 295
475 906
201 489
449 858
509 969
57 422
52 454
337 1000
546 968
128 304
51 501
438 976
230 505
529 339
87 900
353 986
912 827
892 113
34 340
688 541
27 744
961 796
197 17
795 460
702 921
481 470
140 917
445 368
141 692
425 226
310 776
211 222
321 820
52 354
877 738
893 903
200 573
698 395
307 211
573 8
849 53
195 988
688 357
74 827
766 216
770 76
991 698
15 30
518 783
382 394
239 275
15 438
565 711
550 870
639 122
595 488
892 788
194 579
862 984
124 628
200 892
421 908
589 434
936 106
934 318
499 172
310 231
327 592
660 595
461 298
715 773
503 325
279 414
902 140
398 743
766 596
634 904
222 941
337 157
46 988
192 262
878 500
492 204
809 151
797 269
166 231
759 387
554 37
799 175
894 196
916 378
509 269
282 448
209 336
604 971
324 794
233 201
13 442
122 820
310 918
807 193
578 138
39 377
311 931
290 945
308 517
213 307
963 139
642 566
109 683
79 59
882 808
218 721
627 526
638 152
437 222
435 14
359 472
389 387
121 397
331 146
912 261
452 874
398 93
159 506
493 236
282 374
761 499
94 106
742 450
257 178
389 409
191 746
598 297
851 717
411 181
861 322
160 31
196 275
840 72
779 332
306 779
423 66
277 235
170 18
683 144
913 789
270 821
535 866
835 104
301 246
2 880
566 160
909 479
434 468
549 930
798 853
708 221
636 702
454 524
438 854
385 350
642 654
170 894
519 722
996 538
966 997
417 532
874 44
10 307
510 558
955 27
129 662
964 483
364 417
724 519
988 108
867 348
479 754
242 716
475 955
253 441
670 387
690 544
429 417
568 657
682 820
184 645
21 265
779 462
782 766
568 367
831 47
838 790
761 312
745 731
470 133
117 159
675 544
575 243
918 266
482 599
803 383
961 541
646 739
2 146
223 288
230 54
52 67
842 811
97 305
260 565
437 375
442 829
636 734
789 554
998 271
152 520
652 831
60 17
569 779
161 791
66 109
174 122
644 269
426 902
552 861
994 711
689 629
444 478
900 160
466 770
678 117
600 456
132 168
234 11
676 17
118 955
131 9
77 492
995 501
393 546
80 105
256 486
732 417
681 351
575 146
120 971
980 718
426 111
603 377
838 279
392 954
951 240
681 27
730 675
245 840
938 323
943 911
527 393
327 207
742 900
71 860
589 50
296 14
877 898
108 715
894 498
387 844
455 67
870 184
459 114
23 396
155 683
25 680
76 350
604 816
968 673
395 556
440 689
288 317
305 394
31 198
610 416
42 64
201 629
247 658
460 986
772 332
669 795
11 462
277 830
723 389
104 163
796 109
478 100
502 226
297 829
640 56
610 558
683 574
934 860
560 705
192 946
218 919
407 80
251 401
627 973
789 730
135 584
837 330
401 57
554 696
884 911
750 213
469 151
785 121
11 344
824 201
289 41
119 413
120 369
813 745
60 320
193 911
621 748
240 21
803 511
716 406
421 184
617 607
334 401
726 343
463 268
261 469
27 378
881 863
464 412
326 241
730 518
151 69
983 108
88 785
336 521
908 475
704 243
799 755
362 244
815 823
510 75
10 254
451 889
116 633
19 160
872 466
395 741
533 377
566 620
879 901
858 787
94 280
34 108
134 847
929 362
920 938
614 90
545 448
440 282
606 30
746 718
769 997
94 54
616 971
672 192
476 764
471 223
373 503
329 225
69 976
585 987
632 916
794 894
82 233
175 405
262 639
122 748
635 932
519 968
903 190
159 97
671 628
37 762
849 365
985 916
59 569
621 408
203 415
301 284
365 194
687 344
550 527
92 184
458 328
869 79
236 27
175 624
373 210
385 939
854 68
936 474
474 139
140 970
404 544
313 952
70 122
853 527
168 721
604 402
746 496
25 836
424 409
774 714
776 346
500 431
819 691
287 143
183 425
112 585
967 143
255 755
981 107
281 148
826 602
548 291
816 572
844 239
698 618
670 473
962 169
902 499
859 906
641 759
330 470
63 16
611 316
769 592
422 767
457 965
87 5
255 901
294 99
857 990
434 527
181 114
413 801
612 989
706 970
748 36
439 809
842 255
78 263
739 533
228 824
536 200
444 547
16 300
536 448
544 716
561 956
516 890
663 939
578 410
692 16
936 459
501 778
712 577
758 169
828 984
992 82
902 154
628 916
171 881
83 714
596 361
388 829
250 50
768 545
559 113
636 778
889 66
73 647
234 899
349 943
699 250
96 326
884 265
206 965
977 520
44 83
67 11
132 552
554 308
729 830
419 364
607 27
147 679
672 379
296 738
321 993
987 134
37 589
398 960
272 93
479 314
175 263
323 24
814 875
330 261
704 466
342 30
491 487
426 162
865 439
899 903
432 604
37 186
192 433
145 181
243 341
493 416
603 814
157 135
407 485
113 828
950 453
856 159
938 281
320 521
719 936
424 868
258 459
771 167
609 915
346 850
973 556
984 294
369 140
146 493
343 257
320 11
708 894
168 646
174 205
884 610
858 307
196 115
483 966
998 91
599 343
659 571
897 642
583 983
499 727
194 840
983 513
568 409
406 735
772 297
938 656
625 515
961 538
628 444
222 626
252 538
686 909
109 302
269 409
3 767
135 196
325 117
426 892
525 549
345 296
563 1000
669 187
514 630
443 142
791 663
485 42
919 170
950 27
189 218
434 191
983 286
385 27
402 809
917 644
357 261
657 918
260 326
823 773
673 265
632 463
645 834
503 563
3 452
307 191
669 458
380 370
462 482
395 581
290 30
224 364
8 598
281 985
641 821
476 313
803 825
774 167
658 277
447 659
446 472
567 114
928 664
202 108
145 314
687 152
343 909
514 68
226 794
52 865
333 526
178 136
350 669
301 725
944 746
384 390
217 668
221 863
51 140
969 194
453 656
345 794
283 576
860 226
369 630
91 701
873 985
554 941
653 853
665 597
598 766
704 814
434 642
395 483
781 363
394 233
736 456
744 737
32 322
961 118
950 51
536 823
753 89
482 406
940 146
720 257
911 142
788 63
782 182
263 562
262 374
512 997
829 255
733 859
576 412
694 244
462 230
784 214
317 265
337 975
129 56
231 39
196 18
818 696
198 798
257 177
171 768
173 717
740 623
575 34
753 987
277 932
216 60
863 250
324 200
224 451
972 453
207 168
188 742
862 103
539 836
279 427
322 169
144 62
510 436
94 262
422 88
193 355
147 55
604 188
253 826
356 225
997 280
110 184
21 689
286 277
524 563
702 564
449 563
624 957
998 435
218 138
522 409
492 386
182 813
572 433
638 645
375 353
923 202
255 942
889 539
936 132
819 356
694 267
918 36
224 634
469 159
770 708
286 979
93 466
791 382
616 148
26 709
499 947
909 471
607 517
727 542
647 545
897 340
530 533
374 471
166 560
347 653
268 631
632 78
96 422
178 711
287 202
419 504
867 46
973 473
561 700
733 207
962 629
264 491
879 355
679 44
914 26
695 899
655 45
694 469
185 870
897 470
72 34
972 937
78 664
409 357
363 141
281 43
487 544
252 365
897 929
126 529
672 539
582 839
513 484
708 409
953 778
441 643
433 517
25 560
872 105
418 153
147 904
414 397
986 29
44 830
557 715
368 701
759 667
539 271
151 247
678 821
742 118
182 175
352 924
733 942
28 150
94 173
771 225
287 476
252 330
305 526
44 390
945 801
774 202
71 923
166 466
462 626
582 362
799 651
285 250
592 30
398 403
920 887
626 206
362 596
534 384
839 295
772 783
813 545
703 601
187 586
66 366
211 365
445 727
16 728
975 325
476 92
727 395
977 71
599 57
384 851
439 223
863 210
723 676
472 425
994 657
729 60
741 938
142 185
912 639
199 106
448 643
499 424
431 815
198 814
384 635
36 247
562 757
640 34
900 633
408 628
410 148
284 551
332 666
143 961
24 340
66 470
700 282
612 131
96 808
943 479
162 696
443 441
452 82
473 70
713 599
415 123
464 417
391 513
82 532
473 104
590 256
255 902
137 350
709 797
546 588
492 987
29 662
786 219
730 217
535 863
57 998
279 446
510 359
696 701
462 4
955 752
10 210
372 864
277 798
660 540
386 870
245 132
531 30
349 978
245 883
840 20
880 118
183 108
195 877
807 374
598 481
843 607
408 214
470 683
11 847
222 395
716 465
525 246
212 592
224 174
474 781
192 72
898 374
178 810
968 703
183 566
183 25
890 589
237 78
989 964
923 210
78 358
392 320
321 602
910 262
493 102
43 684
172 658
775 68
467 461
769 648
744 669
390 633
257 344
428 245
307 351
172 383
426 281
702 745
600 330
7 92
431 48
493 320
423 267
386 888
446 872
254 189
259 642
821 514
703 248
476 727
316 365
828 459
644 529
204 243
576 927
334 6
692 825
325 114
810 428
1000 255
19 971
442 276
331 980
508 33
946 982
758 979
347 585
438 708
831 359
950 407
285 2
130 694
825 172
806 353
318 524
325 335
494 485
328 823
464 834
535 330
107 599
633 543
306 463
900 973
587 902
973 435
595 517
605 119
868 640
641 193
692 852
676 20
674 857
571 246
984 105
293 808
421 924
69 726
106 686
698 410
587 671
562 899
905 885
17 772
524 656
682 216
507 76
234 898
932 522
861 634
626 153
160 764
795 227
489 899
911 905
27 216
294 588
114 198
472 129
687 713
783 369
927 8
443 878
904 93
400 764
444 743
634 602
506 428
827 713
45 456
336 71
670 347
376 782
543 565
909 229
277 410
315 204
416 476
799 38
567 916
519 729
658 153
330 882
579 875
313 342
49 647
130 718
992 504
499 253
786 127
199 62
254 513
982 388
987 781
424 272
696 942
718 73
812 766
953 109
640 265
449 687
629 577
123 620
80 621
590 864
465 787
644 717
299 625
104 4
124 246
993 819
905 710
609 716
475 561
823 832
543 272
238 889
847 359
227 645
697 815
227 161
601 869
596 618
213 698
339 335
661 331
871 565
759 479
280 951
757 821
783 18
92 20
905 656
96 131
19 792
944 245
670 264
831 265
880 761
681 218
96 341
267 684
905 743
163 902
693 637
722 194
654 531
212 558
905 26
688 922
816 350
884 485
612 434
749 491
194 429
427 7
487 411
409 391
153 289
12 563
924 732
756 577
981 685
853 604
709 540
525 524
607 128
9 219
279 475
427 471
621 571
196 107
980 603
497 850
890 507
413 532
956 886
109 655
570 960
258 279
218 501
801 823
346 527
759 623
719 186
811 339
755 724
445 454
326 659
22 933
883 152
465 838
37 291
212 606
250 187
883 185
686 402
725 31
647 484
371 365
387 182
703 141
312 948
804 52
880 686
202 63
242 238
352 171
842 319
357 443
502 42
843 227
790 489
428 878
572 813
777 274
671 400
419 982
347 940
33 944
344 233
188 357
473 747
675 828
189 894
587 750
838 95
956 265
972 527
77 748
799 747
147 935
447 211
874 197
155 935
147 878
238 334
952 709
80 345
536 986
239 122
735 794
934 690
59 905
217 852
371 733
317 236
668 762
164 260
676 36
195 822
912 431
873 583
139 670
926 392
655 882
231 389
395 164
797 452
786 13
22 875
744 338
828 130
389 493
26 582
33 655
730 904
955 867
573 881
976 946
481 206
334 874
369 848
44 872
859 65
746 322
401 573
169 217
282 556
427 25
855 458
397 584
361 352
169 652
232 144
597 430
68 648
23 154
496 65
25 73
128 770
112 246
61 280
181 60
834 606
83 408
64 479
709 142
829 877
511 778
738 825
925 523
473 946
675 686
11 699
476 855
187 587
101 964
584 280
24 417
603 823
542 384
301 251
845 753
343 301
578 268
823 768
213 497
172 222
195 646
795 99
950 894
63 533
891 85
668 212
625 209
595 925
177 837
490 21
589 832
321 884
99 861
651 29
357 540
968 270
186 762
367 853
374 428
386 982
230 53
193 854
978 505
497 155
341 704
892 648
535 930
531 351
790 900
379 865
439 65
134 342
825 218
195 198
364 298
179 592
349 89
164 45
593 378
916 932
82 808
298 334
737 828
684 246
446 780
110 883
843 960
943 386
177 137
582 539
433 478
849 499
565 730
261 875
108 177
807 906
983 822
239 438
649 640
401 94
138 509
695 698
187 637
83 82
491 382
619 922
139 860
915 398
734 740
573 259
364 274
81 601
430 447
959 829
540 814
57 952
512 960
307 312
41 796
693 659
436 269
562 573
128 195
688 580
933 979
837 296
970 916
615 399
363 292
946 620
105 2
290 334
960 595
645 1000
390 56
377 824
115 887
850 801
466 782
498 302
796 468
936 129
865 17
138 810
635 959
529 923
293 208
517 655
925 624
709 20
166 468
674 279
354 523
797 537
24 295
557 537
761 492
664 344
226 519
872 859
477 119
500 768
325 734
141 967
76 848
985 240
35 659
517 387
899 313
923 921
325 198
176 803
147 912
75 736
489 551
853 706
37 896
158 177
581 232
742 566
470 775
942 985
162 840
16 802
480 59
998 654
860 404
211 724
459 521
833 31
944 588
644 101
763 224
331 504
507 799
279 448
502 158
7 235
677 485
11 393
138 870
795 66
593 827
349 770
66 899
518 9
205 161
826 966
383 156
470 608
672 466
55 891
622 60
843 298
262 853
689 118
722 202
182 33
746 248
520 810
865 37
536 69
196 361
35 297
903 904
513 307
453 355
322 713
925 728
829 365
647 11
397 392
975 634
201 839
670 454
907 583
813 940
878 764
161 499
667 564
892 179
588 344
251 627
56 176
354 603
539 999
612 653
109 305
287 27
144 674
479 50
256 10
707 852
772 585
350 157
148 959
53 734
360 76
195 431
677 452
148 7
822 255
310 108
280 452
780 476
500 754
484 924
605 973
508 953
129 654
631 180
106 931
199 183
6 393
612 681
562 477
405 383
730 714
209 727
165 706
202 383
459 684
25 63
656 532
734 783
903 364
680 9
294 878
908 18
988 520
416 268
714 820
649 444
533 575
170 415
281 90
515 738
772 539
800 147
70 252
647 690
614 327
416 625
922 324
641 628
561 775
894 274
594 261
716 844
835 604
976 833
411 491
570 182
747 88
46 534
338 692
223 669
736 638
294 376
960 652
3 520
426 614
792 737
592 227
580 145
548 556
976 957
764 265
351 901
43 407
311 264
793 764
619 86
139 578
456 858
815 599
190 326
336 780
551 633
924 816
188 618
772 950
881 346
178 232
246 219
356 274
201 148
37 818
951 892
115 125
749 928
722 937
253 775
436 521
408 78
336 594
694 825
263 575
171 439
524 134
376 597
126 575
462 161
111 131
53 224
254 519
870 694
175 122
468 328
361 874
404 414
187 815
239 167
108 127
604 349
977 978
944 102
271 125
980 381
254 750
322 507
268 191
200 160
31 666
486 390
259 888
802 444
422 758
609 528
883 930
876 579
627 538
398 615
661 377
994 914
844 35
420 830
224 337
988 253
720 474
360 696
80 162
857 500
637 184
746 520
114 621
816 458
158 213
72 537
589 784
450 432
817 587
261 758
922 967
11 360
159 88
56 955
248 911
455 603
95 918
122 925
538 936
382 413
866 171
948 454
672 116
604 488
701 582
964 341
267 692
700 424
778 473
379 744
102 551
346 195
468 185
837 723
838 218
135 703
107 801
875 777
915 478
983 335
777 946
674 44
637 92
466 133
282 562
875 383
112 220
295 578
403 132
300 958
348 153
661 172
952 535
948 585
730 649
918 506
594 311
267 948
120 451
80 401
12 673
501 123
891 794
418 13
924 717
969 990
587 348
161 538
881 826
840 329
474 477
834 785
786 818
732 623
268 530
741 279
202 241
119 810
35 535
540 957
251 228
946 836
574 825
92 455
501 124
126 334
907 629
870 358
251 137
605 991
133 524
231 250
52 982
503 591
939 471
817 603
307 390
427 116
562 77
764 63
917 607
114 542
235 701
617 204
556 939
194 687
655 513
124 157
821 780
626 356
382 650
744 527
484 25
321 965
804 955
572 635
496 524
336 831
726 609
769 637
295 949
778 667
461 619
541 999
354 497
534 815
741 17
557 779
700 79
733 989
713 947
512 766
777 238
374 264
592 386
212 369
53 390
705 592
388 820
476 459
36 728
274 775
462 829
273 161
907 5
149 338
669 660
103 164
615 194
427 206
578 356
293 348
745 715
658 850
535 851
309 569
578 581
62 40
128 52
56 66
89 442
443 908
605 775
101 31
979 397
385 989
462 847
704 837
697 956
688 723
243 265
303 22
303 148
73 220
899 845
3 986
286 444
894 889
218 712
637 914
826 22
903 288
586 325
124 282
280 529
722 240
793 24
260 813
889 331
750 787
175 751
772 460
194 384
67 410
96 703
43 639
442 944
925 27
986 767
27 983
295 747
222 805
489 480
337 377
810 86
163 702
836 652
161 747
36 945
875 848
647 916
486 88
578 130
831 563
614 856
545 626
322 765
431 809
962 485
903 490
569 783
192 123
434 70
869 187
14 743
34 659
377 238
464 953
85 295
515 697
868 777
322 189
260 470
715 221
672 336
710 241
118 619
81 551
687 948
455 419
409 488
795 784
443 977
736 526
271 968
940 856
744 979
763 3
168 196
941 838
531 369
78 647
986 876
915 391
823 370
808 950
575 322
452 17
298 906
260 286
873 199
859 336
895 621
56 62
816 995
899 65
363 694
710 67
569 625
457 111
712 982
60 286
22 229
20 318
134 278
321 725
194 180
778 88
799 832
149 333
546 765
396 626
458 824
692 27
167 866
854 877
847 912
162 587
858 898
903 991
893 224
434 86
121 211
890 918
42 756
969 586
520 83
212 696
905 621
440 71
486 293
665 51
922 544
636 779
441 258
488 333
199 920
136 318
130 744
953 889
218 640
474 456
722 403
151 626
23 308
415 226
599 797
276 239
341 629
735 499
604 223
550 801
860 403
836 989
146 789
596 363
428 69
190 685
212 929
710 344
155 27
140 148
264 198
494 716
696 98
656 963
897 516
365 452
223 510
240 817
590 385
603 125
970 791
527 181
720 954
523 592
979 380
457 242
577 949
675 990
764 331
952 380
845 316
830 785
543 787
601 850
889 203
692 858
712 936
756 150
889 996
740 867
376 914
826 670
862 501
659 345
549 329
723 393
362 552
338 495
191 226
696 882
802 126
536 557
274 144
553 731
728 646
644 554
315 225
772 691
568 320
737 290
430 98
840 324
438 895
817 628
838 231
228 639
356 762
914 347
623 185
78 351
829 720
903 861
943 393
270 229
430 6
517 858
820 75
899 258
968 434
603 806
163 736
309 76
83 931
259 877
281 805
315 901
665 258
293 652
204 440
375 720
16 195
793 913
170 761
346 490
285 726
318 165
462 344
240 262
274 216
856 272
739 170
172 403
145 182
773 348
339 147
67 353
59 577
265 227
56 328
715 339
54 750
503 233
94 460
393 348
75 131
516 963
252 379
863 24
725 201
169 790
553 227
366 535
171 140
862 604
477 914
72 697
146 882
874 356
966 267
421 758
396 654
720 646
32 582
387 755
782 274
263 53
218 628
586 387
485 447
708 960
79 498
376 223
379 249
577 63
233 715
819 628
369 539
991 399
120 378
154 619
369 415
670 585
760 256
689 244
420 116
922 498
612 297
438 989
263 733
52 495
447 588
840 814
126 830
213 963
925 84
300 293
497 688
595 975
661 284
218 80
398 139
295 727
153 732
715 415
183 484
627 628
72 466
161 914
295 372
595 938
454 894
948 668
581 543
642 241
544 578
38 659
434 51
385 586
781 99
718 962
582 344
308 371
808 467
284 820
556 597
490 424
395 788
684 754
746 227
331 501
884 764
550 268
68 49
84 503
728 383
564 36
752 90
220 754
627 775
69 103
501 276
244 613
63 926
367 526
152 415
744 753
896 294
738 681
341 820
183 787
203 745
821 672
552 40
144 179
532 211
280 33
485 522
644 265
447 728
789 316
143 252
68 756
544 804
437 602
342 618
388 262
82 926
933 632
965 76
809 496
5 806
246 488
327 608
471 491
335 977
805 195
228 590
950 770
112 386
91 172
721 477
432 801
403 364
158 678
299 161
484 544
366 528
151 835
19 203
531 541
397 757
131 346
246 959
449 335
130 169
810 561
688 930
642 838
15 798
234 32
676 716
574 760
244 442
313 261
643 842
519 39
599 648
102 562
326 549
895 173
717 423
732 123
353 374
678 85
889 910
115 284
345 406
43 587
565 354
565 208
914 801
963 231
168 65
791 492
612 685
663 47
107 114
886 177
205 563
979 93
192 811
375 535
935 135
839 499
207 122
705 120
921 387
349 88
450 857
578 779
260 959
544 365
72 429
260 275
991 956
85 182
766 178
434 700
311 272
917 516
392 340
353 312
725 419
399 174
275 694
671 533
371 214
616 441
641 593
433 350
548 236
249 32
412 681
450 721
951 366
955 61
704 307
372 429
444 488
320 717
899 989
968 988
202 583
428 842
893 579
909 440
813 158
470 942
837 918
381 507
283 335
566 705
360 655
133 802
860 170
237 478
159 204
465 78
504 610
637 396
553 718
702 741
659 257
658 40
762 659
92 328
82 169
700 931
969 560
100 924
37 975
845 219
53 349
827 688
462 733
233 733
450 933
473 827
908 848
584 669
225 393
714 305
561 414
953 248
972 53
171 726
27 16
943 796
82 488
484 261
220 715
992 388
367 183
214 274
31 515
660 972
906 374
995 466
786 947
432 476
717 601
919 462
334 580
257 414
67 458
674 286
173 384
672 257
566 603
248 314
835 906
4 740
279 997
924 64
663 355
257 379
673 175
558 7
753 533
419 819
989 810
822 161
194 212
135 477
813 381
508 647
287 510
105 283
507 746
346 887
818 601
983 491
494 541
496 246
73 632
782 61
161 603
939 72
532 791
547 344
172 54
708 176
281 531
457 505
276 520
391 812
839 374
302 332
632 515
295 703
864 795
481 24
116 138
94 647
928 358
708 817
129 135
710 409
664 884
912 657
123 303
468 960
394 487
10 25
719 22
726 583
815 924
324 930
62 136
295 707
211 2
523 339
135 950
746 516
833 376
891 954
396 358
632 788
563 640
380 255
581 194
897 623
841 957
476 135
382 685
854 903
23 987
571 486
222 403
861 112
357 256
187 987
44 748
747 724
826 46
635 722
386 195
397 860
328 777
545 899
398 566
886 967
52 825
88 911
935 443
884 121
149 926
587 212
217 52
934 42
96 287
481 200
480 595
59 526
90 602
424 205
886 28
889 936
851 975
565 504
137 167
343 284
93 928
494 308
697 146
67 510
431 265
708 629
577 766
154 384
587 970
603 475
624 453
168 188
956 303
354 298
304 164
943 515
189 639
378 972
148 808
954 574
436 530
339 588
912 423
881 217
393 483
690 16
935 575
921 609
877 992
624 898
873 566
413 61
922 789
32 787
315 984
360 468
232 416
773 143
838 654
358 948
854 765
681 788
58 601
115 933
311 737
550 183
21 680
242 660
468 990
447 501
692 524
686 922
939 459
782 495
830 857
161 683
340 840
190 397
160 22
48 188
758 596
370 496
275 329
156 461
319 320
960 728
842 364
650 499
540 150
711 369
7 589
770 345
148 677
459 25
697 506
211 173
101 579
668 94
907 822
553 943
859 231
670 419
593 38
636 133
187 346
219 910
653 987
972 799
382 431
822 79
935 32
250 753
329 916
564 235
456 834
895 314
64 564
451 375
320 86
225 224
149 161
133 800
148 822
598 247
252 138
324 904
169 573
376 215
448 662
491 61
693 272
342 143
645 660
227 587
882 375
747 732
892 612
554 490
857 523
345 181
146 231
471 520
444 676
176 609
56 384
668 748
655 10
608 18
387 553
604 987
645 350
718 536
679 989
743 535
231 88
433 375
317 902
612 479
297 505
87 351
888 754
816 542
481 424
558 866
694 879
852 338
946 289
591 624
995 334
877 225
139 309
317 173
929 646
650 225
151 736
293 756
208 109
297 406
250 572
271 942
451 841
279 396
847 868
20 841
919 614
784 57
640 818
229 568
464 596
510 613
50 521
368 974
628 382
379 595
952 368
536 121
208 532
516 772
118 253
612 37
584 114
810 223
931 756
509 113
71 18
724 119
256 809
93 882
908 470
476 578
836 729
698 761
260 931
532 96
901 862
849 484
693 658
705 342
133 213
453 202
948 176
319 203
702 129
803 609
598 996
187 152
444 602
912 702
532 162
515 151
741 363
352 434
739 56
493 870
986 945
789 652
838 107
572 540
235 374
866 550
89 770
700 531
371 330
950 620
210 465
488 668
826 838
819 283
893 312
152 597
256 939
966 93
764 537
350 716
910 216
265 716
703 682
246 74
730 195
411 657
377 898
324 921
735 143
203 346
453 73
660 426
729 625
236 492
162 585
925 789
518 907
504 220
308 748
11 37
660 421
411 37
37 733
956 770
593 158
834 763
947 493
188 676
836 423
885 996
725 810
503 242
716 6
179 741
471 189
776 130
608 904
883 643
356 838
131 947
714 963
429 660
175 615
54 10
755 938
723 198
747 225
438 181
229 616
921 417
522 415
264 129
319 147
489 673
702 337
338 415
19 765
793 192
99 845
918 571
782 359
768 247
582 923
427 528
257 347
943 777
760 206
623 796
70 829
468 771
166 805
185 183
288 695
92 385
259 727
955 758
85 722
5 384
363 430
910 619
494 571
114 971
494 736
767 563
283 952
333 447
475 235
347 762
929 156
146 905
600 818
662 683
66 620
94 693
956 305
263 69
276 756
522 760
318 804
711 649
968 186
601 34
665 529
188 528
152 787
346 813
188 321
477 253
658 289
944 613
592 925
400 585
680 639
344 996
161 55
363 129
957 962
161 340
210 66
866 360
851 929
172 39
250 367
9 625
654 670
956 963
594 74
267 273
711 609
986 590
381 67
436 56
747 314
394 955
378 978
33 947
906 204
703 873
288 710
217 659
98 172
340 691
244 605
932 386
261 312
451 414
86 197
726 478
869 104
174 901
768 798
822 470
670 109
897 885
485 993
774 823
683 17
428 83
407 359
467 666
388 916
80 472
831 523
668 699
625 559
318 392
356 139
579 26
964 475
628 448
468 402
271 868
136 416
949 541
492 415
925 878
50 722
69 598
244 454
296 868
12 613
977 367
469 556
110 433
30 455
879 215
574 867
83 709
282 749
249 772
164 173
369 930
612 155
527 855
441 336
870 417
420 339
690 247
489 438
701 86
651 274
952 451
700 951
200 667
442 81
557 809
10 169
962 254
23 287
511 462
340 381
596 478
437 286
723 924
441 142
9 809
134 678
260 832
629 177
498 70
256 773
596 982
940 276
953 961
280 463
141 618
561 735
738 536
919 178
676 646
986 808
42 963
359 669
139 574
456 112
346 51
811 285
325 482
963 322
943 103
939 504
837 751
499 293
5 137
470 399
500 174
206 540
136 282
927 991
855 382
820 200
151 349
203 193
829 165
514 771
985 171
992 540
920 210
831 643
345 300
41 562
191 963
101 325
245 745
34 817
127 571
16 994
918 935
186 746
100 698
236 802
867 227
341 506
435 171
148 497
189 905
776 378
867 595
421 111
339 453
645 464
24 379
457 659
313 361
405 130
58 639
930 643
864 270
148 18
159 13
232 346
916 8
722 782
601 860
611 938
313 255
121 54
632 295
711 663
654 833
791 430
471 440
72 54
708 936
788 865
947 19
928 581
25 369
81 343
228 409
382 119
310 13
131 739
393 784
571 184
931 42
622 2
812 48
631 601
335 558
181 78
644 260
419 871
668 417
128 49
253 156
778 383
893 889
884 463
72 814
222 411
533 751
176 187
786 402
82 684
478 443
661 895
313 47
31 440
812 282
594 309
663 205
197 265
666 985
78 606
395 609
356 288
513 423
811 298
823 610
699 300
52 360
912 83
405 941
521 217
941 832
524 322
754 438
586 138
422 381
742 534
989 816
820 220
956 630
517 778
957 933
795 9
292 425
90 415
85 328
349 25
877 590
64 630
27 648
766 447
29 227
979 735
42 517
953 996
865 188
492 821
121 5
147 635
543 230
961 609
971 556
198 35
185 941
400 950
387 146
176 84
600 551
648 464
737 139
284 575
860 830
704 6
464 964
953 144
573 923
698 488
675 601
429 793
550 533
937 443
335 816
95 933
366 741
115 820
878 116
395 456
663 816
460 845
498 412
987 788
54 403
276 446
3 422
238 270
953 175
711 6
989 523
656 73
263 769
610 858
603 722
313 265
537 491
827 35
901 813
934 814
118 935
235 354
923 906
527 352
629 234
874 285
24 136
53 633
993 373
354 24
356 609
513 182
361 133
713 181
803 646
713 638
299 665
991 221
289 236
572 917
469 445
201 210
298 970
841 290
343 913
32 416
521 543
596 880
674 308
778 196
952 209
832 251
873 541
189 879
776 759
795 962
921 713
171 219
683 730
507 743
642 537
158 880
798 471
478 190
778 973
384 448
182 934
416 54
474 604
650 967
81 445
928 2
157 817
219 557
546 443
18 905
698 892
503 495
363 979
402 140
951 504
305 850
437 720
621 628
42 271
595 121
714 241
145 320
499 879
224 914
771 444
127 133
422 527
989 92
30 293
940 184
12 561
530 770
830 842
890 262
82 10
567 856
784 429
893 282
308 835
195 78
278 320
209 699
564 915
508 312
207 166
494 936
725 741
705 273
582 594
252 382
322 818
955 105
246 847
104 552
681 16
347 677
53 273
375 615
187 600
925 393
764 138
328 208
596 750
198 178
63 449
277 383
266 231
205 229
795 307
499 195
321 844
870 91
117 962
704 302
561 348
412 324
203 457
249 797
207 446
692 268
893 967
368 876
915 571
104 710
595 320
903 633
164 772
722 997
733 144
17 12
490 428
53 410
602 301
207 526
464 897
792 356
583 877
949 497
166 770
206 478
90 108
110 970
597 549
966 48
692 981
776 899
127 828
309 728
846 233
253 309
847 763
663 429
358 330
99 130
999 187
955 827
156 270
375 839
317 66
539 92
683 664
637 709
110 482
940 81
789 786
842 170
215 917
498 139
439 315
985 157
500 658
982 374
927 75
930 961
858 468
52 540
132 407
248 958
887 905
38 395
282 622
514 779
478 670
93 463
544 310
120 525
401 764
599 331
724 175
797 494
713 646
899 959
604 504
863 359
897 271
955 179
611 468
675 88
855 485
268 399
793 106
641 912
868 957
242 592
131 38
803 842
402 701
519 5
922 100
362 819
89 35
715 698
220 108
784 75
591 770
472 102
874 830
13 741
787 971
51 916
9 852
477 409
271 994
131 193
812 210
729 899
244 162
596 462
268 98
535 576
866 724
395 739
554 407
199 59
377 248
973 103
818 449
229 88
162 77
279 691
286 7
589 528
167 902
988 152
998 523
726 864
964 121
321 517
245 518
484 266
160 301
432 387
387 311
463 384
1000 747
389 588
489 979
424 487
220 150
69 184
987 388
418 231
624 710
568 107
693 445
406 124
831 510
153 12
892 152
476 999
458 467
272 945
164 694
150 383
561 935
284 547
