100 17 99
94 95349
16 67959
65 23226
11 33140
12 19302
8 57390
92 70092
95 53191
43 27471
35 36504
71 88013
55 92087
41 90126
82 82972
18 63257
93 9187
56 85844
1 94
1 16
1 65
1 11
1 12
1 8
1 92
1 95
1 43
1 35
1 71
1 55
1 41
1 82
1 18
1 93
1 56
90 69
92 96
75 69
88 4
63 47
43 66
78 69
34 54
21 61
93 64
40 73
78 39
65 83
30 72
63 85
53 52
53 44
45 25
12 30
25 72
75 67
35 50
33 67
3 52
25 95
13 61
67 88
98 32
70 26
100 30
10 52
78 59
92 23
82 2
51 6
70 24
69 4
72 100
67 74
49 91
66 61
51 32
48 47
60 15
71 57
44 79
6 19
37 97
40 16
97 88
18 66
11 84
66 79
83 32
52 32
22 15
89 70
46 36
16 3
47 85
59 89
61 63
8 94
57 44
9 51
29 23
14 38
6 78
15 86
10 63
17 28
77 3
94 20
37 9
21 80
90 76
69 50
39 73
43 94
14 48
43 42
70 55
