100 20 300
15 93409
90 61003
94 94160
36 88742
29 84868
75 7731
14 13225
81 14333
23 67015
50 84265
63 60567
92 27697
80 10416
40 23140
54 32901
22 71708
46 33081
44 58187
61 41463
13 71891
28 37 
23 61 
17 46 
75 18 
62 37 
84 5 
86 15 
20 99 
54 12 
31 59 
64 53 
19 9 
85 14 
95 46 
76 7 
88 3 
95 11 
63 64 
8 37 
81 69 
26 17 
73 63 
31 93 
61 37 
56 91 
47 19 
95 65 
27 80 
78 73 
25 53 
79 64 
56 25 
74 70 
88 81 
59 21 
1 36 
37 74 
98 67 
18 58 
55 73 
100 2 
91 95 
66 69 
26 96 
41 2 
48 19 
65 55 
77 83 
71 35 
3 72 
70 91 
97 67 
9 14 
76 64 
38 27 
65 80 
73 30 
48 98 
77 88 
51 25 
58 16 
31 52 
6 7 
86 28 
41 88 
99 62 
30 47 
28 39 
60 55 
2 49 
82 66 
28 54 
47 75 
4 24 
14 54 
100 71 
21 82 
75 26 
89 60 
54 81 
100 4 
43 29 
51 22 
67 62 
77 20 
63 10 
37 90 
15 36 
17 18 
11 82 
24 62 
5 44 
43 79 
70 83 
90 75 
16 89 
30 58 
70 80 
31 88 
94 7 
8 56 
68 96 
97 83 
31 65 
100 41 
47 23 
2 51 
79 70 
14 94 
11 43 
3 80 
75 34 
67 20 
92 26 
75 60 
22 23 
42 4 
45 86 
16 98 
36 34 
94 68 
73 25 
37 86 
18 47 
80 21 
78 54 
6 97 
73 97 
74 99 
56 95 
74 49 
51 13 
90 95 
98 57 
44 85 
42 38 
52 14 
62 40 
51 31 
39 30 
3 16 
36 8 
64 60 
5 38 
11 12 
61 34 
96 2 
80 45 
10 24 
29 51 
13 80 
16 26 
19 66 
56 9 
47 59 
25 34 
66 40 
46 22 
77 8 
34 13 
91 94 
46 38 
47 78 
34 56 
1 62 
6 13 
93 73 
38 63 
90 45 
72 88 
3 48 
22 21 
87 19 
42 16 
26 27 
28 68 
72 73 
57 18 
50 90 
73 2 
51 30 
66 43 
54 55 
5 43 
100 28 
31 54 
75 52 
74 62 
22 68 
77 47 
94 56 
14 66 
28 22 
35 30 
11 60 
31 61 
41 97 
55 95 
51 11 
37 2 
39 67 
56 65 
70 29 
78 91 
48 6 
89 42 
61 54 
59 41 
75 93 
70 85 
97 45 
100 3 
39 3 
14 75 
42 11 
20 63 
40 98 
6 87 
55 94 
80 16 
48 38 
8 74 
59 86 
80 7 
30 80 
10 68 
82 23 
43 37 
78 36 
48 97 
50 39 
46 55 
77 53 
1 57 
68 48 
46 75 
21 28 
3 31 
14 82 
38 43 
13 47 
63 46 
21 57 
83 50 
92 82 
98 93 
20 96 
56 67 
47 2 
41 19 
81 95 
50 46 
37 3 
38 57 
59 20 
58 2 
53 55 
94 72 
50 93 
20 97 
92 75 
28 55 
1 58 
48 46 
21 84 
48 10 
92 6 
30 49 
59 82 
3 5 
6 5 
97 77 
1 89 
78 83 
22 86 
91 75 
95 96 
55 42 
42 27 
77 41 
36 68 
99 65 
16 57 
99 19 
61 56 
23 10 
84 75 
98 86 
20 16 
65 10 
90 59 
58 44 
53 51 
70 81 
91 5 
49 89 
22 64 
98 72 
34 58 
79 8 
