300 40 700
15 18399
299 9301
87 44864
217 87894
186 57487
276 15224
240 23737
44 76804
298 94250
128 82721
153 50263
10 71922
290 88055
274 87511
66 99846
254 78932
4 4584
182 90368
101 28375
5 31687
3 51328
178 23891
223 84633
288 27573
60 60360
225 57074
70 75846
115 10024
72 49977
141 33817
282 60225
213 61186
208 25246
53 55360
173 87657
175 55336
165 88658
159 55305
230 86318
264 36506
291 85 
252 105 
160 75 
134 1 
191 115 
77 155 
100 284 
1 204 
96 173 
12 93 
99 247 
20 15 
157 178 
219 86 
148 235 
44 138 
19 295 
295 179 
69 128 
231 11 
294 7 
166 94 
42 218 
297 137 
142 61 
282 240 
7 1 
6 215 
230 225 
53 77 
159 96 
267 229 
142 13 
107 262 
192 37 
272 185 
95 189 
278 137 
158 27 
25 299 
139 58 
290 197 
110 296 
112 40 
272 164 
116 182 
259 134 
110 100 
146 217 
61 89 
5 84 
274 152 
25 3 
40 182 
81 64 
233 219 
174 222 
116 283 
269 227 
22 240 
142 190 
121 152 
23 231 
3 221 
199 115 
9 255 
198 282 
106 222 
37 145 
156 117 
261 88 
36 134 
9 151 
168 30 
129 190 
21 22 
131 142 
173 153 
124 175 
125 74 
289 134 
80 238 
167 186 
212 203 
82 67 
20 94 
154 55 
279 214 
257 147 
243 137 
88 264 
158 218 
157 82 
70 32 
256 195 
157 296 
80 236 
233 246 
121 144 
149 255 
262 168 
48 167 
274 27 
81 282 
225 75 
118 12 
90 27 
229 246 
160 50 
29 115 
296 185 
162 75 
121 146 
21 293 
42 221 
247 3 
88 295 
170 113 
73 2 
94 49 
76 263 
60 166 
41 40 
163 200 
89 244 
66 137 
128 227 
211 300 
124 283 
293 165 
203 239 
168 42 
285 89 
154 109 
90 299 
157 217 
261 268 
134 53 
7 49 
252 148 
292 17 
284 119 
295 194 
171 119 
229 163 
283 131 
153 202 
225 190 
42 78 
298 131 
129 207 
48 89 
174 233 
194 233 
281 145 
80 272 
214 115 
143 208 
60 13 
78 288 
175 113 
171 79 
66 95 
268 108 
224 266 
238 52 
224 37 
193 149 
22 86 
81 2 
230 212 
274 195 
26 168 
155 86 
180 232 
73 106 
96 243 
236 162 
89 204 
269 13 
221 258 
64 144 
47 256 
292 68 
93 73 
121 23 
36 146 
269 62 
13 123 
147 244 
55 271 
101 202 
266 37 
63 54 
240 83 
66 160 
93 130 
55 191 
137 46 
10 230 
170 130 
4 206 
276 24 
19 40 
147 165 
284 253 
135 84 
154 152 
120 269 
206 111 
51 271 
22 195 
152 76 
85 41 
174 94 
22 43 
276 77 
300 3 
100 18 
42 246 
234 77 
198 121 
161 104 
272 32 
72 177 
195 174 
148 216 
69 51 
292 205 
91 217 
51 112 
259 26 
240 11 
28 40 
28 121 
285 14 
198 235 
134 110 
38 105 
141 161 
34 35 
34 233 
3 102 
283 46 
59 126 
262 109 
289 272 
134 229 
282 213 
268 62 
85 4 
75 282 
290 208 
91 79 
64 284 
239 97 
70 273 
29 72 
126 64 
117 184 
189 78 
292 177 
50 177 
157 83 
141 176 
144 226 
180 270 
207 221 
229 50 
300 293 
33 238 
141 102 
262 222 
174 88 
285 42 
23 225 
172 67 
153 273 
243 62 
55 136 
237 251 
113 168 
220 71 
89 149 
120 140 
193 152 
77 85 
6 91 
6 179 
230 42 
272 252 
18 143 
18 223 
115 13 
284 170 
200 220 
172 12 
88 91 
82 228 
291 202 
67 235 
105 195 
20 110 
285 77 
40 266 
171 12 
218 240 
154 287 
162 21 
299 145 
242 198 
117 113 
261 256 
203 43 
183 246 
244 1 
180 100 
195 251 
210 232 
80 1 
197 2 
64 166 
241 218 
153 155 
290 151 
51 231 
101 167 
43 61 
174 297 
155 56 
242 98 
108 174 
250 55 
176 211 
286 7 
211 234 
8 275 
100 1 
244 4 
155 233 
154 257 
176 257 
119 49 
5 273 
157 299 
123 264 
224 72 
18 99 
34 55 
106 244 
289 165 
270 140 
165 265 
143 71 
197 48 
28 163 
106 203 
171 224 
3 176 
248 159 
174 70 
175 97 
193 192 
247 226 
299 104 
222 39 
269 191 
178 185 
156 72 
8 104 
171 87 
267 276 
41 189 
251 43 
64 199 
254 289 
20 128 
85 265 
71 84 
190 69 
187 163 
159 207 
54 88 
144 261 
159 151 
116 82 
237 134 
57 277 
23 60 
71 86 
10 24 
75 29 
151 211 
293 222 
294 235 
42 233 
97 201 
191 202 
288 34 
214 199 
236 30 
280 172 
163 88 
200 185 
147 271 
23 156 
294 97 
237 197 
59 281 
170 105 
215 263 
89 64 
163 279 
17 203 
65 231 
153 300 
260 132 
224 122 
219 175 
59 118 
145 81 
273 191 
229 261 
139 39 
242 8 
143 156 
22 231 
271 237 
262 288 
139 26 
218 291 
25 229 
174 300 
102 92 
175 160 
261 19 
292 286 
261 220 
246 151 
259 187 
158 153 
95 232 
136 65 
168 97 
104 6 
122 21 
48 198 
1 221 
198 103 
64 72 
14 77 
142 6 
62 103 
277 7 
5 287 
194 163 
140 40 
94 275 
104 13 
71 260 
18 244 
32 117 
141 33 
89 38 
135 204 
161 148 
280 3 
205 41 
157 182 
48 161 
220 293 
75 59 
32 220 
85 187 
232 207 
198 1 
150 230 
169 43 
262 257 
132 148 
161 293 
47 192 
295 252 
233 203 
185 32 
63 104 
76 190 
215 159 
109 51 
45 93 
258 295 
145 159 
224 14 
201 237 
270 33 
84 182 
77 182 
74 71 
133 58 
25 69 
89 139 
225 216 
28 191 
74 189 
241 170 
33 250 
164 177 
109 87 
190 61 
23 212 
93 158 
93 169 
40 218 
291 224 
27 67 
45 167 
206 269 
82 285 
159 155 
173 151 
25 205 
101 188 
82 209 
27 23 
21 101 
234 114 
11 79 
34 50 
296 77 
25 23 
143 69 
241 100 
37 23 
85 247 
177 257 
98 253 
214 250 
193 47 
210 271 
69 230 
71 55 
43 81 
133 129 
182 180 
257 207 
254 99 
275 195 
217 283 
10 145 
291 159 
150 256 
108 42 
54 17 
12 175 
247 134 
229 41 
267 113 
169 148 
292 125 
106 246 
276 81 
192 226 
196 160 
260 205 
4 250 
116 153 
258 223 
246 11 
292 257 
185 238 
91 165 
30 109 
277 199 
256 269 
75 62 
266 102 
194 157 
27 89 
16 286 
45 71 
288 160 
276 245 
135 221 
7 126 
230 192 
115 72 
56 144 
180 85 
94 135 
53 221 
248 70 
22 193 
226 101 
281 293 
138 78 
115 125 
237 90 
121 71 
11 128 
248 240 
71 62 
63 178 
206 242 
262 299 
76 66 
219 76 
135 293 
268 112 
93 249 
104 230 
78 271 
107 14 
60 227 
137 122 
106 136 
113 176 
198 175 
106 103 
116 67 
153 244 
185 72 
64 286 
131 156 
137 63 
8 243 
129 68 
222 17 
189 79 
152 2 
255 49 
176 112 
203 44 
230 56 
287 114 
179 5 
133 242 
42 15 
149 28 
52 37 
142 60 
32 270 
179 253 
286 67 
31 190 
120 37 
238 48 
200 193 
91 130 
248 129 
243 178 
133 127 
119 174 
141 19 
253 245 
107 95 
4 138 
142 154 
300 225 
43 172 
13 32 
219 213 
224 61 
42 223 
189 36 
100 73 
163 270 
246 55 
40 251 
299 147 
45 54 
36 160 
287 178 
65 287 
102 107 
210 166 
139 128 
78 114 
240 171 
37 128 
207 188 
200 121 
210 197 
175 249 
147 174 
147 243 
227 183 
155 266 
112 219 
4 213 
78 213 
130 216 
92 208 
29 31 
130 117 
210 88 
57 109 
208 266 
57 83 
214 256 
256 113 
