500 80 1000
245 1399
425 42730
278 54029
221 90944
305 16858
14 45551
496 88415
290 26024
132 80420
58 7587
202 80189
243 45902
187 77851
422 39882
179 11609
88 10423
360 46864
5 5637
392 91725
432 88197
434 66446
247 40429
212 29536
304 20843
307 49861
429 16361
402 2023
114 97440
374 43035
321 55904
495 74260
178 354
124 52182
342 22015
258 35274
211 1543
71 60310
324 89282
197 41127
356 90988
404 65216
241 56926
329 51180
151 3215
352 25406
209 79111
84 90915
86 76617
256 38601
227 48529
163 54769
451 41824
92 72232
21 70571
207 96876
410 53610
443 31650
388 38623
181 96390
189 4032
296 32397
494 46231
80 39199
419 71032
299 52546
46 750
370 92989
333 58742
59 88040
469 41468
1 50411
240 5385
149 13982
73 9032
129 12321
26 98359
484 40957
409 21254
340 62686
52 80885
83 153 
254 71 
486 347 
482 377 
315 449 
229 77 
418 321 
461 418 
302 385 
450 430 
206 327 
140 189 
283 48 
294 474 
85 345 
358 167 
350 464 
238 335 
310 219 
63 477 
19 143 
53 288 
463 366 
206 264 
250 7 
193 455 
333 184 
495 467 
232 288 
440 316 
485 149 
483 334 
112 72 
20 274 
142 434 
250 160 
76 302 
448 39 
19 5 
302 269 
11 347 
75 195 
30 422 
13 113 
209 452 
281 45 
452 115 
230 64 
38 249 
337 179 
182 438 
338 258 
91 137 
148 110 
141 449 
378 3 
147 452 
49 29 
225 61 
141 434 
364 273 
330 316 
387 60 
379 276 
308 67 
454 342 
4 144 
451 94 
280 98 
203 273 
398 432 
127 45 
236 176 
425 460 
236 417 
245 100 
190 75 
267 428 
486 145 
204 145 
63 157 
486 66 
300 288 
11 432 
237 66 
204 135 
497 182 
31 84 
357 455 
44 445 
371 140 
44 412 
214 162 
340 199 
306 395 
196 220 
403 181 
285 203 
321 147 
486 57 
212 41 
191 61 
222 73 
144 431 
27 187 
375 250 
179 270 
161 392 
431 352 
443 88 
246 138 
307 149 
170 443 
203 342 
89 188 
399 301 
80 441 
361 301 
14 356 
231 40 
395 105 
141 73 
374 302 
316 156 
153 258 
243 251 
247 49 
399 269 
491 101 
110 80 
140 360 
232 219 
301 444 
371 314 
299 102 
205 193 
58 346 
265 284 
499 81 
439 3 
190 34 
253 289 
82 3 
409 73 
103 370 
4 94 
230 235 
164 30 
178 35 
195 328 
488 399 
21 397 
96 137 
180 94 
69 471 
449 111 
4 53 
251 437 
56 159 
9 10 
28 364 
104 109 
98 119 
490 127 
153 184 
307 140 
83 179 
37 178 
315 68 
124 236 
390 424 
346 245 
476 96 
182 31 
106 190 
393 485 
406 496 
446 3 
114 435 
482 119 
119 288 
110 201 
466 498 
230 132 
66 205 
367 307 
128 64 
52 456 
11 233 
486 468 
274 378 
453 179 
225 398 
34 191 
332 15 
309 302 
154 418 
2 471 
268 84 
102 333 
140 321 
139 268 
236 42 
75 247 
274 412 
214 48 
290 18 
78 366 
267 111 
408 451 
477 68 
252 482 
338 106 
452 105 
189 406 
289 328 
78 427 
447 313 
321 21 
411 94 
285 477 
493 426 
494 71 
291 113 
33 51 
63 362 
118 314 
195 455 
271 147 
59 459 
404 347 
139 333 
126 437 
145 446 
310 408 
391 94 
19 229 
306 161 
341 190 
211 255 
403 329 
421 98 
283 191 
244 194 
2 499 
392 140 
331 369 
428 327 
314 237 
86 57 
330 469 
292 200 
198 97 
361 390 
138 71 
145 41 
251 417 
138 386 
107 233 
79 108 
83 322 
99 265 
191 27 
91 356 
115 177 
412 445 
497 203 
496 46 
151 356 
288 289 
279 432 
181 29 
200 318 
414 306 
402 344 
266 484 
166 216 
248 356 
242 190 
63 357 
218 475 
153 67 
29 148 
112 180 
356 399 
320 134 
182 352 
162 381 
21 76 
39 422 
271 156 
257 436 
371 356 
143 113 
45 206 
321 115 
32 325 
181 60 
472 144 
91 327 
43 262 
460 76 
113 474 
309 485 
401 347 
258 171 
354 14 
107 224 
369 101 
188 266 
158 360 
232 189 
184 264 
101 156 
407 43 
334 301 
305 146 
377 269 
119 37 
106 19 
383 363 
189 88 
377 147 
311 97 
248 351 
214 257 
210 297 
446 394 
60 398 
401 467 
440 234 
267 96 
379 495 
217 349 
31 322 
219 265 
184 408 
352 412 
406 15 
361 5 
365 426 
262 74 
223 59 
319 282 
456 219 
100 247 
453 219 
343 183 
65 59 
32 96 
232 250 
212 267 
9 416 
31 267 
430 391 
271 146 
168 32 
71 390 
442 390 
24 397 
108 123 
496 412 
193 338 
95 258 
248 478 
205 331 
227 416 
97 88 
331 479 
354 112 
221 476 
109 389 
360 180 
130 301 
421 153 
50 380 
128 45 
292 320 
234 386 
77 333 
363 281 
163 441 
49 111 
380 231 
90 85 
195 310 
61 303 
198 420 
334 180 
220 254 
332 269 
486 311 
165 277 
131 398 
14 59 
230 228 
192 244 
20 240 
355 400 
322 296 
484 16 
105 44 
319 155 
315 4 
334 35 
110 17 
155 95 
328 320 
371 310 
69 384 
220 151 
111 411 
394 130 
2 100 
381 324 
247 217 
191 204 
112 361 
358 427 
365 43 
461 326 
59 115 
420 238 
286 142 
399 207 
377 119 
357 339 
381 102 
320 383 
54 53 
58 300 
269 100 
3 380 
461 212 
306 177 
106 266 
2 17 
233 273 
254 370 
266 5 
76 494 
123 284 
332 3 
238 3 
237 291 
55 146 
442 323 
246 297 
203 58 
234 114 
126 87 
482 210 
359 235 
79 124 
239 7 
117 213 
290 300 
68 27 
302 304 
169 357 
302 111 
31 47 
407 233 
456 266 
93 189 
231 70 
275 212 
279 485 
299 209 
460 389 
215 428 
454 357 
227 21 
383 380 
176 404 
88 477 
14 119 
375 272 
203 330 
389 295 
18 472 
364 144 
183 494 
128 333 
203 87 
74 417 
366 27 
273 92 
399 8 
324 74 
51 276 
381 425 
399 84 
107 287 
230 476 
258 446 
120 293 
439 99 
477 141 
38 50 
410 403 
428 34 
347 326 
41 170 
400 303 
432 450 
430 313 
226 328 
396 332 
115 477 
308 224 
422 279 
16 361 
377 493 
353 414 
394 262 
317 322 
296 163 
499 188 
184 398 
343 115 
199 272 
427 277 
100 174 
460 66 
3 119 
289 424 
397 305 
136 126 
149 489 
391 42 
102 207 
215 397 
221 214 
437 256 
463 279 
371 14 
402 149 
290 1 
175 101 
418 177 
220 207 
100 468 
363 236 
93 11 
76 484 
404 177 
42 471 
426 115 
36 362 
370 498 
492 240 
363 245 
241 152 
246 415 
253 163 
443 324 
221 42 
291 83 
129 384 
445 56 
219 201 
233 260 
171 158 
374 206 
371 244 
55 214 
335 418 
458 427 
421 55 
341 25 
70 283 
348 290 
177 139 
225 157 
374 169 
213 92 
369 297 
351 391 
306 77 
448 176 
172 3 
389 358 
272 198 
285 44 
253 125 
69 322 
260 268 
111 288 
406 335 
296 279 
356 360 
222 224 
156 73 
115 461 
1 62 
488 172 
416 228 
29 39 
426 313 
83 178 
290 3 
499 401 
270 461 
40 28 
148 187 
158 3 
47 380 
78 54 
304 44 
367 304 
458 354 
475 225 
82 355 
264 359 
168 198 
36 309 
200 386 
61 321 
198 100 
348 345 
286 6 
199 184 
237 129 
238 40 
24 104 
343 481 
309 169 
206 242 
23 321 
100 42 
18 487 
202 69 
372 262 
389 422 
361 89 
118 499 
94 317 
297 419 
221 320 
374 63 
301 183 
83 358 
276 105 
178 376 
499 195 
214 200 
263 86 
462 3 
359 322 
91 476 
172 36 
292 354 
217 440 
272 437 
260 146 
351 412 
180 433 
269 455 
390 446 
182 388 
492 396 
87 254 
333 400 
256 191 
74 347 
166 245 
234 310 
98 451 
249 370 
239 360 
367 90 
271 398 
374 39 
204 263 
336 386 
2 327 
133 441 
80 317 
340 188 
7 413 
386 24 
158 119 
185 255 
69 286 
476 160 
145 194 
249 268 
443 122 
306 147 
237 142 
384 238 
468 368 
178 400 
184 370 
439 42 
282 324 
65 291 
294 102 
46 215 
387 373 
374 383 
419 474 
150 213 
95 308 
359 183 
301 94 
421 120 
461 450 
19 144 
319 309 
37 453 
132 454 
243 278 
55 140 
492 293 
13 217 
27 283 
190 29 
495 136 
336 206 
319 136 
151 91 
255 112 
40 126 
107 211 
434 144 
163 418 
97 257 
47 3 
397 390 
147 261 
106 173 
43 295 
201 389 
430 36 
94 100 
23 245 
190 130 
208 82 
107 166 
144 40 
309 109 
62 355 
111 310 
244 257 
70 201 
282 112 
495 482 
353 277 
370 298 
376 244 
394 66 
373 101 
499 331 
119 142 
223 279 
299 31 
240 212 
238 350 
22 333 
459 91 
34 92 
55 380 
73 407 
8 294 
204 384 
38 450 
301 262 
402 299 
93 20 
292 315 
151 90 
197 390 
301 286 
91 322 
471 49 
265 356 
492 319 
235 65 
77 95 
210 132 
478 99 
81 130 
361 483 
280 305 
2 71 
471 4 
12 167 
393 312 
305 484 
486 275 
384 250 
130 376 
420 216 
292 496 
310 1 
127 139 
100 60 
268 312 
42 399 
116 395 
321 86 
399 332 
104 291 
496 408 
126 333 
34 10 
434 163 
237 353 
379 28 
200 40 
380 178 
179 479 
237 446 
142 130 
197 257 
25 17 
194 275 
349 298 
417 344 
57 43 
176 91 
404 109 
105 140 
313 335 
167 364 
375 46 
41 53 
377 130 
350 18 
259 46 
127 283 
63 320 
409 263 
469 326 
458 378 
368 485 
320 271 
445 424 
410 109 
111 428 
472 485 
325 12 
389 53 
141 90 
71 400 
136 49 
34 50 
220 443 
164 41 
120 121 
418 487 
457 89 
109 401 
364 18 
9 474 
297 480 
310 121 
343 198 
174 484 
288 96 
235 275 
496 120 
176 215 
414 339 
255 33 
311 24 
19 267 
464 479 
19 328 
496 379 
153 144 
210 463 
117 52 
12 290 
387 151 
237 473 
425 232 
93 452 
298 6 
290 405 
39 452 
280 409 
70 244 
388 440 
423 235 
318 75 
379 27 
37 495 
431 49 
136 317 
199 224 
290 476 
307 234 
427 456 
239 69 
360 129 
20 492 
235 277 
381 157 
363 199 
231 93 
77 120 
439 359 
20 426 
176 70 
149 317 
45 307 
402 324 
263 140 
392 474 
121 263 
465 10 
56 51 
138 437 
59 500 
487 142 
445 63 
261 383 
422 280 
309 449 
201 309 
117 246 
116 18 
421 378 
9 164 
351 481 
278 168 
490 334 
218 127 
270 277 
479 256 
418 423 
170 30 
305 443 
161 465 
243 361 
274 211 
458 389 
80 230 
118 89 
393 468 
69 171 
487 411 
4 205 
389 125 
333 367 
380 102 
289 401 
483 446 
196 495 
410 438 
355 183 
1 165 
423 80 
394 40 
20 139 
360 441 
161 346 
351 164 
402 91 
288 234 
458 19 
187 98 
271 21 
43 466 
15 305 
256 222 
339 256 
386 262 
187 131 
301 207 
121 160 
499 281 
358 201 
444 259 
345 248 
453 383 
198 76 
404 240 
41 418 
396 148 
139 235 
255 376 
496 442 
7 148 
500 479 
160 498 
260 17 
198 55 
127 488 
490 471 
88 442 
354 285 
369 257 
376 410 
26 272 
409 165 
358 164 
