1000
19663381
19193148
6616617
8085695
18539823
4494158
7732501
14682031
7370977
20064164
14904356
9255618
5690729
13701065
810264
16945542
13384488
7433323
11752202
10978220
3645133
854307
393410
5059986
9778678
5636181
10399098
17922390
7280296
15823142
19025197
6733253
9627161
252685
14818947
2777856
4746842
2341023
17459886
6939114
17226483
12153817
11016027
2706787
465753
11826291
14473624
13850240
19259613
6015401
4618036
17726041
1691003
20043165
17607322
11469680
5468922
7795995
4002942
12749217
18440433
2817714
19482469
7857169
3070399
8912287
10635024
2638536
6074606
2705782
9577650
3090664
9680894
383252
5797450
10146647
7030838
15092370
3786462
6080027
897346
3225793
18627363
17620069
3058534
10845557
8879324
8527455
18641551
7703561
16097967
11692855
5342571
15370012
19550024
3234265
19103594
4795919
5872800
4967775
7501700
10271745
8058438
12003890
5476293
8677184
1940112
12507130
3559129
547869
13408452
19488194
18805382
11825391
16897838
16685211
2460523
388034
20033961
15923369
2912890
15921503
7405800
8255460
5902386
1566695
11489724
4795556
1183909
12183820
4584626
3506905
2245140
12643064
15510794
7721432
16141543
12272201
18138
14521967
12820069
13426589
8621032
6236322
20073275
129742
2711108
17355093
15549495
2534644
13068038
18462384
18456147
15295133
1328716
19179828
11683123
12818439
3764959
12867031
4791834
8349585
16373935
1858270
15813944
6495600
9579701
6566358
18767800
4419134
15909620
6198741
12667019
4320227
12435062
12529869
4449968
9967466
9674538
14820758
7323405
17563871
13072718
5569127
7469875
14401433
19570251
19152997
1830743
3124785
6630899
1443873
6295665
17826130
3302142
16930904
4111305
7703138
3286837
2668681
6943568
19196456
3688717
19610586
3306259
16123778
11930030
2577522
702115
16425863
17398280
8025520
13779309
5081869
8415942
16070479
14304597
7775768
15013051
10956635
5721849
1433526
12400507
12017513
19259655
10523944
8737993
18192255
13048378
6846125
650511
19991945
5832157
4339227
19392106
3959711
15284301
5933007
1358528
15986415
2148446
13578103
18833230
10749050
13481267
7038748
6609105
7575439
14814515
16443451
13353370
325939
17876976
364748
7164748
11747502
10888692
10724036
9729333
18758365
17570160
5201139
18539885
18223612
4361662
12542862
1972898
14467258
18475868
18363146
5064544
15445609
6552120
3687350
5984235
20033387
10726097
7414635
2219697
151483
3647661
15573066
15509142
16345933
15937814
2463465
7883010
1437377
8008796
12433638
20195741
5368531
17634777
13346497
3381719
16817734
500230
175912
11074567
18976097
13360353
16139110
14211282
19912473
19826459
15016812
19735435
5163427
2221022
16776427
136206
689978
12139069
15645347
17035910
2687754
12930107
19740216
19156850
728478
11963429
13963462
918304
4209077
7099534
4300022
816386
7599763
19507654
6712248
1186731
12657582
2640934
10219308
7180926
17288688
20057415
1527232
17273411
17099732
18303659
17409616
17789710
5053599
12844538
14615195
2562648
5564220
14144986
1509073
1113993
719287
15472534
2032296
4928363
17393363
1153614
566045
19814421
450843
2099588
15822447
7929720
19772241
5831331
9931942
16850505
499617
11459173
13913491
17599349
4373703
5933978
15178634
9427301
18778515
9583404
6811244
19164030
18549686
8320316
15099318
14090268
18614145
17131613
19018630
10618379
18285226
14405970
5043671
13557364
11326854
655694
16308380
10888670
1308320
6029897
2350046
1807936
17489069
11084832
19407284
1652348
17018809
9196789
5900944
15586899
13601489
7533484
9361800
11940750
10675095
4250693
5820593
9078816
16203602
19660518
14518490
9099699
8677360
19562161
17478359
20004213
15039150
13576314
10682458
16347469
19606210
13032504
12976700
11706150
3906911
12173560
8179793
15747016
1159924
8902033
11123490
14761412
16435516
15306586
1313033
6900186
14378574
1954921
10800297
10371751
16436735
20140083
19471450
4903670
14313115
11560680
19729178
9141840
4926569
5022507
5278884
19354074
12876306
13076879
10849799
11604513
5040014
13850888
7141104
1021234
17574216
13085889
10603941
13799307
8182050
6738270
15520788
2350200
8693190
931957
7543246
4919500
15893335
1625567
4644465
9996025
13186246
4163218
19137864
12934110
9185725
19238043
12077759
1851606
12104497
17748854
8277414
11965807
11389317
15418517
7808336
3574404
8293982
13233572
12195006
11297327
19971841
2326665
8468822
8454607
3258621
16012068
8195402
13973251
12458930
12839867
3758851
5434752
11824380
17718010
18368861
15831400
16745628
5057492
12504302
3460997
2595921
571291
15426803
8806533
15989808
18056434
12380936
19105085
11079581
4365517
10191987
10840998
6692181
18660809
14116900
4772098
9283748
2101877
18745348
1532253
9763039
17325495
6967004
1376995
14833080
20157161
12029690
11368284
5004228
4323567
14829280
7600148
4894858
4866954
11227976
15705961
2712963
3398487
14600621
13792543
2585299
4582183
19454836
9277479
18064287
13361311
8870872
7137610
10284484
2227092
8669863
20047522
19552586
10458162
16245812
14175241
5226194
8065078
154396
10230421
7209940
14983675
12651864
12104797
14671924
3669415
7600333
17384886
1889197
17022249
5788301
4474495
1394008
5032712
8573270
14279590
13215319
17444141
1206776
3289378
14492528
4697934
3126475
13834689
15156095
14193583
7799506
15203585
17079956
7953901
5223581
4079471
17758872
12696741
11005564
12220371
16366155
13427192
4216129
18255352
10239017
4825725
17551142
6454320
4679732
5913987
523485
17895050
18179424
16761980
974003
12461527
1249489
19132198
907088
11226880
7936652
8706593
6220040
4806183
11481789
6264916
3706949
3851532
18961656
14712512
10893199
15117387
7929280
15109327
7983610
12989592
14756347
145623
19443911
19436078
6059610
14788691
11942000
19060329
11340247
12916002
6132727
7411031
6659071
7039814
18637910
14595722
10567702
19679245
14223200
16870787
5733737
17930149
511894
19516688
7253532
11405092
9244946
15182811
1125290
17228555
2783274
15881636
17374178
2016760
9928586
18255083
11626747
1660161
11926283
2756569
9397458
18059009
10167599
16056529
19920119
3416381
5263122
10277396
17916921
19486322
6937758
18471953
17206046
7449652
17778217
4249153
18854743
6812738
14253260
19980033
18862589
11857829
10472540
16026342
13874589
190701
8892296
5290911
16882581
608154
2868775
890911
13488458
7857669
11768735
13198152
6095345
17031856
3265124
3801842
16307753
5024177
2063370
8124670
7295124
19841586
7195119
760739
1265196
16269674
15562067
20127784
7917078
5824182
10764997
16612962
836179
19657292
16725168
12540055
15086741
19593942
13430965
8364774
2062483
4989275
1352502
8157827
16842427
19649345
11959668
7761051
19494817
8844334
15885721
6579517
8475495
17902135
7340255
4561986
13961384
2691897
4479345
16699757
3337374
15244341
13102295
4173552
14691208
9617038
11534903
9567524
3821852
4755443
12753594
5884334
4566014
14106095
14042160
1198016
8366311
612700
3780362
7650703
9457033
14487378
9051515
12753823
12179088
16391769
17315809
751343
13904961
1584729
17451100
12063631
16829070
5164266
11058478
6131149
9602599
2382956
10519969
13424450
1959695
3063138
14130079
6525708
11990528
7961815
2545019
146414
3395810
6325380
2618412
12852842
15634054
11669927
5396240
7602717
2672567
2501624
3175356
16577528
19118073
15447751
3252030
10558014
401592
14310507
11510458
10004190
16693463
1820002
18249936
18653157
19914859
12169590
20000160
6516258
14952700
17366474
1483967
18348509
18513149
4102379
10990926
13936778
15772305
11208462
16360791
13266167
8531381
19536146
4454566
7439029
9594768
7706595
12818338
9996359
1806678
4118372
14821844
18500140
5938373
12861355
11764168
464104
19852241
11553903
6980361
14594516
3531248
8464328
12732601
1833972
7388002
18544822
15770750
17981602
9542859
6742412
11037344
12895536
6068133
15491910
15155860
10484196
2988080
7763774
15301850
4794757
11882145
9913269
18116192
12641813
17595920
4491231
13105916
17237736
10866429
14907573
6443123
14397676
18193196
19175723
16231648
5370773
12331417
6613269
3141950
16695571
13355680
14179293
9380682
14245108
4282074
4326118
4518879
7270154
6911187
19820728
6886206
18793331
4344868
19823694
11224719
16762083
4104500
19151931
8610690
14970929
13849079
15053813
9158180
6653146
8840407
5179403
12023918
961399
11792671
15165867
12478266
19969646
3956031
1648523
14004329
8238105
795936
18523207
10329554
7707122
18133510
12037055
1111324
17299674
11650324
12336043
13851332
10576120
6098845
2251598
5336624
14769219
12126706
9316099
1211940
756688
9316798
13235857
16749807
15930764
3012595
9017648
15689986
1789921
5487466
9483890
4849321
1104698
7796673
15178874
3633115
541054
7005505
