10000
18752619
14889558
15072516
1718414
18960229
17933205
543932
5192308
18498151
19725798
19907719
12763431
7685196
15582293
1574265
5544875
5596361
13164570
12327021
11371295
11335026
13254491
3406308
15807687
17177321
6539197
10179006
9661685
6773536
16431173
4525372
5315730
11110306
19597887
1855440
9860111
12141963
2399371
9873714
5250986
16946465
9571008
12835712
4421236
19974596
14409976
4787407
5360532
2185417
17114427
16731827
13520443
4979789
14959430
3939001
1946685
1288202
8939302
6429665
2883033
5160050
10955036
8198763
16270355
5163794
4875498
741337
12127053
7274868
5436346
17378038
4010908
15007354
10003325
3253440
9592821
19234596
8040846
14953353
1209588
19976568
6296051
9551326
4745932
16076776
8311622
1513912
17364978
17250923
2764872
15069306
17232268
8541203
3057644
8113495
13704996
7933141
3676127
5621624
10029305
9112473
17820957
8861508
3909402
2435153
6936243
13502222
1459324
14977088
3066446
17700632
14743231
4183792
7041533
14310458
50144
10174451
10645665
12236417
7214949
13410536
7095298
4236793
16773034
10152942
12350287
10267606
12907378
16026413
10710525
17757978
4928461
3142354
1230358
3659158
5577506
8166600
11982676
7036830
2933264
9870417
19558757
12497790
14054209
1211161
1419120
14104352
11385611
12064784
6130344
18600560
86192
13225641
17658648
16859225
18199878
4619806
1737702
5718128
15467514
7269523
3265681
15217271
10411876
4496038
18876428
15989381
7483934
5469975
17847506
10417197
15340392
12017134
17736282
9184176
13228295
19155401
18109823
4403481
5831057
4029742
2793616
738544
12076678
15273559
12419064
10066132
19893364
14156766
10605555
15150454
16247584
8692531
10157300
6449035
13188569
3644599
17259711
15493798
9114574
9718089
5700570
19276261
1524798
18258147
8250012
14753092
12024420
6149410
19156573
17855476
5000447
16771484
13415315
17077124
11834619
5623954
1754127
11517558
14602015
12359681
6457587
10639174
841788
11436182
17088208
8851652
15080781
8958791
4135025
19016650
18676879
4656890
18082486
15022972
2704612
943369
9565640
14729031
7092778
3333084
7195378
6914520
20104567
400268
3781219
11728761
845518
356642
18067615
15447532
12716322
19346497
5876282
13558109
10572255
17785785
2199336
263907
6534151
1155656
19280556
20032325
5812545
17152617
14844873
8517157
18095985
4200088
18067483
20010058
2354467
5052437
6714153
2248609
274000
5316667
8798666
1119517
5673308
6655856
16567049
13210926
5791928
2232906
6558610
11185478
20018690
3579242
11449384
1163713
4734897
5340811
985613
5368738
17314723
10651781
13885894
15200283
9673164
6564248
9821212
12027630
11616684
11356660
14276239
6711980
11494623
2864480
7831496
17167930
9520335
19219840
10168431
10133558
1242321
11548337
1108612
16082307
9948874
7379291
12067315
14683770
12720102
13052927
20052507
9824400
3494284
8549272
19845979
13167447
15113520
4278062
4984653
1341075
15634722
14082187
8053054
6918920
16946666
10705846
18908145
1077872
9715261
3687448
6032725
5778878
15235784
1962632
1650760
4974233
9341923
13718074
14479298
16883320
1381872
9142677
1318591
19907875
12513244
954145
7686194
2237635
5232207
7492142
18610430
15688224
1363904
1274355
17428439
13131865
11980200
16126159
9031032
1485037
19813606
15063756
2085210
9660261
17026388
18767689
9455789
979182
7096634
18756383
17862501
8478505
2509931
19181091
2997252
15023174
14956532
5504741
12082105
15010034
12996882
10482110
5309129
9182081
11756464
2527143
17135241
18557960
18653301
5955848
14864292
13077779
15840899
16949501
17559335
7478158
15506765
1625996
8457339
2392974
171954
930711
5692774
2681884
14933098
8690025
12526353
4500501
9016061
4398033
19510534
1802518
14880142
4609238
5805894
1247478
1957676
2730710
19805437
400552
3507853
14459304
8299626
14170048
11198380
5648537
1437781
1316016
7274532
4716416
3708989
2267781
5647126
9401762
4949664
15401519
12913083
12297312
19902019
1718719
16695345
14023424
18552957
6186358
13453957
19180146
7433835
15411632
1700432
1850143
10633480
29580
16309446
18933105
9020923
2118697
19402937
10458704
18466432
1288340
9996415
1964996
3556120
10464836
6188054
3327079
5655931
13922432
15624391
5347525
10462446
12109311
19370949
8804978
13116964
12614481
2595996
15372095
2636985
4296427
17222237
13270464
19357726
8142555
11993144
2989521
5082547
11185657
13448224
3338555
12473996
18265934
5303550
10851412
8520345
6312899
14178490
14176275
15056626
9592456
14345096
5308648
1491342
8326916
8934921
9429602
15762692
11530916
4591272
18399676
10648638
1603084
11459715
4617236
9745638
18274155
7606756
9649481
4070683
15876275
12988035
11365974
13931784
13112880
2006961
17273424
19425779
11006747
6060571
14271980
388778
195242
14401923
16911840
3343453
3126420
6131017
19106144
9478631
10722288
12116692
20127269
12325371
18397702
4534080
16892305
11282728
12140835
6331361
15353410
2627981
14140691
1330256
16559764
7043146
18368936
13622763
1079796
9165258
19683333
10173072
9554036
14699870
4364570
6255451
18043322
2312285
7207763
11760338
11790916
17930050
18698325
11707760
4866292
16885602
11063135
16579892
7957906
18025265
17732548
18132611
442821
11662814
14284162
11823880
13527256
12442674
5236218
14607051
1397507
19740847
19601418
5772838
9051588
3755564
12028288
1705782
889144
14057346
8287415
12680059
11776971
6775315
19209114
11464559
18482212
4883120
7834026
6229693
2697960
177446
19183600
18172500
11840259
13257337
9785955
20188810
5489586
15022173
14585437
1708389
9373891
8797726
7481226
18425478
7374585
14330810
14952555
8263729
8177731
3029545
15765083
14775998
9804859
9585069
6030132
8076647
14468188
13864157
9127635
11987444
14041602
2922106
9949519
492733
16179443
19735474
471118
16490324
9368518
9877850
13020008
18742408
18675576
290810
11778757
661032
14621619
1342184
8924760
2588925
4371728
19511139
17364922
8997883
8885783
18216349
11895825
3143546
6691378
15844755
15130989
522555
18766861
4870084
16047007
9557175
19426853
11339421
658370
8584946
1006846
13678378
1938225
14503717
13969187
8538277
15164749
3201677
9880460
18910804
611897
14252188
18211518
12798115
18071366
6886876
10804039
9756766
10030422
17495416
5391096
19982706
12839267
18979252
19674085
8675849
8326002
18890513
14836565
3805668
7265034
10664707
17484045
9203258
4957999
6064103
17741535
14944043
9265779
7411570
13644423
9877675
16485053
11645516
2465365
14345994
13353688
13269404
18924055
18205405
5375691
19136447
17977686
18214957
17905274
17441347
1501678
842148
10942731
16338242
4647815
18207765
6792524
16953155
2021894
6571819
2806833
14584724
1305437
12072611
16817590
9771155
1739861
7913514
16237967
19236946
17080804
9381230
7117221
15794434
2197506
12492911
14720456
20175191
5318740
7236602
12227409
6820417
8078749
17991436
17979954
7547859
15988776
19593774
4290589
12831965
5955168
7097421
2027561
2081900
13991327
18845150
6674351
15731187
6548239
2701893
9579004
3418618
6904418
16696224
14034348
9101923
3800007
3365675
3887985
9118746
10602276
10936690
15939162
13502320
8717701
8529987
15871474
19527772
7913336
20162062
12149312
8689799
1870354
14176872
10771699
15861680
7632893
17446049
6203739
9002428
14969237
10604038
12421045
1663230
7089838
1066264
10765152
10889844
4431939
9474432
14829885
9855510
200697
5379918
3147406
8918397
13909904
13840175
3057040
1612816
8613109
10027648
5123910
10483462
19025815
15895608
956014
6448284
7952528
1981048
15450711
2711340
12585085
2482627
19406289
14496218
3548891
4782312
20207357
2802125
14256744
14826817
12657634
14457440
20206734
10626335
18197133
13906214
4256086
16075468
10340325
12869194
5892691
10285530
18173951
4708082
5970714
19129964
11156365
8744537
900587
1217947
6277173
8306968
3700573
5473037
2592761
2070759
10255349
2589694
4872883
19333388
17416510
12351813
8401699
17412820
2767723
1209703
5929905
1845104
17285171
11091525
9535593
2967437
1166630
7499120
7675518
1958639
1239955
13653178
5524472
17172262
14871124
11801644
5268805
13392993
12095976
7861565
10285047
2140900
10451258
9979226
16295583
2478640
2120614
4486858
14712755
19920056
5696560
15463955
16586456
2771306
6345055
5911624
5738743
2332980
13410743
8235556
19323339
9471994
1678310
4637386
6433831
11370729
11260325
11702635
4553297
3145876
19564199
9659640
108072
4626329
19638865
16403654
7104968
16580774
15711807
1607298
11111701
16229663
17071252
7487732
19000968
18237602
8220652
19561006
15391877
16452690
7586138
14504791
5714259
4085743
13963472
12148089
15456471
20045092
3640299
14831064
18012264
18025794
19311999
12941631
17473418
18740439
3956156
4367961
9932084
19667963
796554
15865080
15687201
12689101
18174108
9299040
10716278
6184335
8649622
5897730
2426600
11057055
15223817
8140859
15142797
3798160
15110243
5210139
18664548
13571838
14862498
16466387
11387207
13964072
9197593
8650200
7315382
13153748
7839456
17247465
12611286
8636009
7723417
2909358
1114685
5687100
12208398
6652258
11871434
15679315
7371283
9119329
6525945
2384675
17260187
16490037
1004131
6981302
16521471
19668678
342715
11173545
15924640
6551217
4927192
19943528
15201416
7063870
12886851
17862167
19132630
109009
6287751
6645622
18050086
2223731
12332721
10048059
8875988
3993730
338245
16247270
13113059
6864189
13453241
4984117
18175521
9278667
6786714
14486568
8736920
7129428
270984
19482855
13680644
19471
19215958
3492931
7083340
6713680
1144673
826842
6822688
2253719
7472463
4662350
4477449
19805184
9531704
8174732
18620209
9869949
19243298
6344139
11555433
12486114
6149552
9520530
1554356
12936265
18828393
5112571
20065693
13920672
4385001
8357208
13940142
18422254
11850139
15844778
4925509
12994811
16671619
11748197
15248530
18965377
11231842
14547274
18560136
553121
2511582
11791217
5244365
1544455
12956651
16799798
8851864
19106202
931199
5227515
6653339
14580887
10340085
1329903
8291134
9546381
9687110
17052571
7758210
16358544
12686924
7505014
9142931
3969414
14074506
19212756
2724367
5095923
13549605
16105798
470340
10882482
7686590
536000
7248232
432817
17335797
16100095
14360314
18266995
1117185
803228
7458753
6278565
2133130
15749886
10646241
11820240
12592033
13225746
7968359
20100252
520336
11932585
3859242
9416137
5756212
1404904
9333356
14127113
17510701
4624991
4799170
20018587
5160990
12047402
15272699
2286363
7937072
9422588
15374653
3875553
10225816
2622982
4975413
7180241
13194163
10442950
19000480
5575771
3458271
1579711
286895
19010326
8333591
4146136
3037335
14089803
372335
12370690
8006491
12704331
16995680
7626956
12512493
1946245
19674357
7574767
19264327
2222301
16997355
9249852
919149
1834042
6694129
715857
9014282
19888291
11158806
2625634
74934
9438373
19237064
361828
3059570
7360230
19539683
6096904
16271328
19912017
18467593
19099114
12405923
10074144
1336942
19739712
12020389
800874
7104054
5895587
18054894
18922704
9966734
13795338
546321
16660862
14511195
4381899
11160025
280872
7007532
11234958
4540540
6034171
6418081
7600110
8215696
5747339
8518309
19308320
270227
1596774
13018305
7497445
11670917
14355246
7026732
18512601
9977416
8952082
4197764
2643181
7664361
14164497
16438519
3031978
5436231
5560585
7413876
16596255
5841456
14421407
2442084
10381996
15276873
8860164
12803401
18313864
9428798
1111285
17411759
9699024
17739778
5040936
17196468
9200271
19396181
19044496
7502447
3984468
7786153
6521506
6627649
10271809
15507299
2855743
13303786
15764825
8416327
15538957
12150655
9079078
4571235
9414034
14282369
19848107
18274197
1696641
17951547
7492570
2807926
9974177
12012889
15368999
15015112
3820228
4358845
9022165
2654299
6682588
13006632
5261747
13204093
19634280
15533556
3322263
17311318
3448213
19087087
338516
18987170
5848613
9417594
3347980
15262646
18521258
2985663
8147714
7475
15758505
10461579
17847120
343553
2264043
13005694
10179961
6084271
17364539
19202125
8738569
3836702
6819628
8821612
11862090
1064780
4144743
10005649
18376097
7592955
8882311
18714613
6369700
14730924
2743078
4538976
4604441
1053911
2345934
12752155
1061385
18104438
3003309
18908504
13269286
88648
6525070
3238822
6172918
3679184
17262242
9732782
2337181
3871446
18554393
9020566
19967945
17520431
19026214
18133617
4902962
7698101
11459101
6093957
17250320
9023474
10632932
16676056
4898681
12978865
9217786
5960065
5694174
7042391
19689865
18963460
7131038
6004510
17023577
13303955
4504989
14075395
17858032
6842169
12768136
16202001
15862734
12525656
8333303
9499820
5270144
13236264
17197920
11550541
14151517
9059111
15395310
19605744
5524742
83566
7195481
9563824
6043631
7710950
11427510
344367
1285281
18558547
1170172
18308858
6473373
5675160
6995124
4120980
7338624
19763259
15144276
18022653
6899786
18298875
7312048
6991225
11324714
19331263
13363061
87102
3001245
8547947
14514142
3347283
8631512
1499198
12911106
9496438
9210147
4128191
9840804
10495428
17508033
5832271
3415157
3770981
6328726
10410280
2713256
13667349
4784410
12678828
6300874
6505491
10767278
8434217
13496715
16913287
7555056
1470648
11821685
5377596
10018594
6125402
8724878
18650105
7624599
1425559
7936119
11656041
375045
12598218
16972764
17883077
13251785
177496
16475353
19580510
10587775
14009905
7858731
10193480
1299604
14159604
16698970
6888177
2383396
4806557
3591039
4759747
6277204
10234019
10137343
16295797
16359420
18862220
9556773
18805314
15109075
17492891
5072227
15484119
4701981
1834566
7978068
17953765
17043782
19274716
17323850
2242428
13074196
4972156
12435908
14373799
13953055
3745749
1051551
11157747
3373601
19674310
15917493
9650804
4519200
665707
557472
15699916
19527927
10114245
14294805
9247873
2218007
14188327
19553287
1741283
16022893
7320930
19695047
12856250
6385222
11629769
15098677
14280713
11423220
2145456
3265384
5165851
5891205
19348654
11144893
9264805
18812539
6851961
13736905
18153035
7517668
9115672
13642526
1656466
14051212
7726906
10904338
16269219
16736529
5068496
12831797
7370293
12389426
7137716
16118
13595943
18767484
9936090
2487527
4801575
6902842
5752910
4788721
7615342
4891140
15933613
11701442
18524974
17606870
5227922
16467584
4914113
14343594
9899685
1391874
8184381
12447887
7117507
19274895
8973991
12186002
6717564
16344283
19396723
13855279
11181696
12782241
7233634
15939081
10091064
12035208
2631498
15843973
16823929
5068135
524688
7368413
16769577
13870958
4764858
1787074
10128117
4500266
10951963
20027802
5892139
13957640
12265264
7830941
7843406
16060550
20016943
14560969
12194408
14024537
8205823
18197399
1417650
15439456
13926055
11508713
2085536
11378849
7142261
13730760
16446983
2488245
888748
13006135
16359202
5653606
9614505
6276894
10153871
356043
915567
10867306
9134978
8002126
13519542
11799680
3852251
13326060
6150224
10867954
1961469
9177343
8854928
3379118
19438094
2570559
14887830
1313205
8770703
16851386
15043964
5007261
19339630
10754008
18013396
15488407
16407613
7417476
16586597
1172355
2594814
17502163
6860956
6551088
115161
170074
18350767
3967411
8317429
4290566
9656661
10278897
8289204
18511588
8479310
7516874
15903442
3156715
3651374
4463720
20008101
18695338
4292277
13958602
9238921
2095248
4057881
257405
4334019
434053
16461479
1750128
12757511
3112011
8301215
12872671
3282084
6441557
11661378
6420808
5553419
1107614
16699705
13842622
14440497
4968590
16180791
4954811
2946601
19832165
4239826
17775997
13138374
8532102
11524174
17198590
5448645
15582054
12277290
4603959
10837402
8528344
6354087
3384489
6461650
14655301
11078455
9743733
15918154
2529408
10985837
16292868
18668741
7475117
9925065
7720110
7265002
716728
12674920
5032898
15370188
16914745
2598470
8298137
5236423
8943940
107598
5506363
19347289
12384887
10110322
9974267
15734526
16464408
8180051
1985752
5730580
14079801
6550780
16470029
11430505
17536616
12552472
4710117
19833028
17298833
12430226
1708902
18015560
4894721
6741799
13175323
16630762
9340269
16294755
16688480
13105504
16402352
1984418
12242368
3398110
12094739
17037930
19132635
3170018
20039276
907962
8900598
8729949
2280038
5160202
20160453
19816653
12533970
4660145
19439257
9622378
17090371
937734
7427513
16806387
7679532
15424131
13226724
11841096
6329757
9704779
19767895
17553404
11689197
11799839
741089
18605231
3448640
14695019
1564825
18309212
10424277
5286718
6828736
12704314
5268215
1600060
12310542
17802184
6260204
6360670
2035433
18171870
7298403
9462945
14767833
9799231
19708371
2605428
16461622
5827703
12310207
16019093
18202402
18820699
2429803
18943490
12036801
699738
8249381
8422921
19008949
18673657
8530934
448556
11167546
13799149
2048615
3267663
6212204
3130115
9628333
8247637
1091560
11748031
12531877
10680688
16368557
6851120
13286116
12619755
7500118
207194
8428423
5492096
19027892
5679521
4225161
5675564
6379258
7295837
14098485
20209503
5759069
2418994
447634
16926614
11039438
2496249
15015573
17251642
447659
19465201
110150
1539218
5824103
7463322
12219906
1982236
14314441
116893
14601990
1604135
324086
17851708
7096230
14173273
3320804
6142686
19848836
4521357
13438523
13736896
4520435
14018887
16155890
19999789
10735077
1806199
2285613
361521
19057840
2733271
19826721
13989285
19304208
261695
1242183
6134985
2243930
10377919
6251877
11667215
6803349
6575962
9308498
8720874
15570530
7450597
14863560
15208942
6793250
2912954
8735413
11313684
11753136
19712598
11103048
2277788
1308373
8209956
17671028
15187508
5764522
12108620
3787665
19890026
12370315
20061567
5814586
14614244
10229061
6887759
6071035
17032410
8285016
10200828
5542859
3645122
12472721
15227714
18854063
19265970
12961963
2200347
5190525
4504675
1702521
11114869
1603758
18042613
19324824
19274786
7840992
19910642
11172981
11628656
19590243
3332871
11479798
15700
12768411
16530155
6903458
13660741
13352140
15188474
3651144
18894998
13654891
16123864
8733584
12298529
10000705
1485122
9320171
15191230
811092
5843987
6095674
2414850
3676175
31369
16510931
6338463
19942010
7473487
17967118
14143124
5627654
4057788
8980120
13217360
377518
15883577
6667676
8550953
5682922
10318819
2056822
19337812
1053555
10790405
6247212
11054259
7096823
15567383
856360
7907914
1200945
6952033
10322763
19908840
6983402
1444565
6036878
1536283
3739348
18825291
10500703
9367001
17704374
19480822
17405656
12903187
15153974
3862907
1243715
15658192
9003021
3300537
9606875
4877871
8912237
15854087
15932130
16009059
6032341
11609785
3706549
2054581
18561818
8850607
16784716
156091
10295172
17642889
1692373
14034519
16257756
12193075
18222815
8573001
6284768
10239342
1265764
1228318
14102248
2509478
11707805
17926564
631310
1104255
2594011
9543547
11779637
13347436
5342181
12633273
4746796
3870025
14687854
18129909
7541928
6083441
18285999
12658395
3515906
14799668
6482489
19773661
1603614
19526599
2957533
7888382
9555516
4223296
3937995
18479059
1554070
15645799
16195198
2185379
11571349
13610504
11728925
18172282
6747515
11892402
10595130
6315607
10583722
20104279
4235091
18125649
5977296
2310666
10573619
9493201
11931629
11877403
3877733
13535242
11193577
6835265
1213199
15570388
5879857
20182913
13839022
7433926
15618287
4645092
9619304
1800508
18255595
16169525
19972789
4792686
2672798
10357494
11108292
13256519
10251349
10164678
11171744
11049940
12475343
1534938
332716
4196547
13412341
19242168
12553085
19427213
5867008
8587579
9608473
11746864
8560068
3237070
14002085
3967930
7882161
3410965
589733
748628
14401785
352097
5541313
17074582
5530887
11470900
10120676
10603531
16456873
16113715
1443046
8721792
12469949
1775761
7739634
493161
15839224
82294
19920373
1495807
8669873
9318421
8063967
12051236
7376787
1855627
10840461
10080243
87887
11430194
10828870
14489671
11782290
11191478
6175124
17313176
17483673
11117096
7706282
13730122
7020386
9149327
17273209
19490334
5746383
4802418
19983494
1375182
19916432
14514739
17902709
3197176
18654455
5756251
15248411
5820817
2433173
5878447
15901060
2521060
17308640
1340801
11832026
3701802
12532279
18007150
15836273
9805527
8913821
3332131
18356944
10755502
7302753
15419728
4856708
7870432
15043442
19661497
4066909
14749449
8787107
16790913
12767920
7231138
17368459
2627202
7873250
19801632
8505648
18595605
17143987
425160
19936406
8765588
4126961
7079556
6562313
14784529
11706378
10297429
18116659
9852898
15874227
30284
5062201
15552230
2722011
20105642
15003302
1610215
9465962
3579985
18401128
2023457
5632418
15559162
4650658
13505667
9971665
7977602
11890848
6905227
8402761
6438125
15670815
7351017
13517680
17054423
1925121
5013633
1962724
14863076
14866530
12658246
9714655
14750027
8000051
12436665
14645244
17824648
8868175
18932502
16225928
7058878
15777254
1647921
17439336
15249208
9974884
2021872
3016385
1655307
8927099
6240441
2914727
19419209
8412753
16432406
11084503
5159169
1235614
7868522
14843540
10923440
316343
4347770
5463042
8316393
11605730
20108285
5930617
263481
13651658
16977840
7322358
9218488
18625761
19582989
4257271
8390220
1394437
7273655
4866822
5142831
8335391
7781548
4351615
16748143
4003529
10257413
16728607
60438
18125935
11361723
10983877
18442277
10530788
16446918
1369542
1926094
11166075
2121454
2189574
4607308
19099293
4333227
8647091
12335925
18737512
12904361
515720
20131948
14999311
203837
5064354
18155997
7985384
4237264
9515011
6810208
14494676
6033194
1691942
7231482
17394916
12675818
284631
7715279
3733608
1654172
4462668
9720978
18807345
1473537
9149581
17696213
5806764
17796672
9821714
19365571
10490608
5158729
14108390
100791
5362566
13994039
18256787
8169245
18231302
7561374
9800749
7336849
8415863
11492690
9389627
421650
18989803
9674257
8136928
2512986
11328428
7420892
12233963
9925348
8894428
1173120
2232432
9522487
13791087
12054145
8677633
19102990
12034170
2575598
19203780
17396735
16569636
12071439
176851
9411809
14454108
9977599
11569954
2659546
1259864
749156
3081195
39243
10423412
6039418
17583948
16573135
13460309
4428783
6288058
2144313
423198
3341785
6488095
14214284
10217226
15165728
13106849
2040971
12562621
6921501
14259001
8921833
18992939
14435851
13154937
13236622
4203026
4514466
15896167
284185
84917
18977361
323427
10508328
4806354
12728671
6871038
13087959
17157453
7980391
10053567
17580650
6143472
16541661
6405805
16360697
11496964
19512653
18401667
3849161
1045025
12450243
7592289
20037963
6675669
15568521
7885456
5699990
20082987
3571198
5984175
20167903
17369854
1128897
5287103
16997504
13857567
6979436
9875038
5625891
9781123
19928604
18027836
15924594
16259840
19254936
6896162
2367676
18557165
5087404
1038132
14423485
12358942
8630420
14251024
13855906
3988516
1926055
19555896
18892798
318549
5329646
13671573
17688402
1279838
18958675
9296777
9958701
548982
13993110
15584591
10330104
8532585
8223299
865569
19613721
7267810
7761730
1770972
435846
7670429
2809103
14859331
20029370
6260818
3721226
13674852
5070629
5647280
7841619
18784723
787124
7992560
7067167
18475526
9272397
636713
2383174
19231097
1185694
16376284
9426560
6337094
4698444
12471154
2023958
4101740
19738963
9785688
694007
14996105
17456116
18534829
9645011
12096358
19616942
13366236
382081
19508867
13834811
8223699
18083165
14621935
16216258
4939907
7708332
99526
5576619
10091505
14151919
1583608
1078660
3368054
7920701
5777104
15839207
9944659
4700139
10189041
14551642
215442
4974721
6618629
18750270
9441027
18714986
18156788
17628558
13918362
17455230
11252945
1931636
10149266
5664455
12969189
9910468
8194082
13068715
15487086
13106882
7010209
11891989
14185542
5199558
19812690
14783941
15860060
4368220
19484079
659972
18919861
19699520
5634693
149361
18239366
9897015
13685643
11007025
7315149
7393580
3073126
18568093
4146512
13222391
19053843
17115700
2922434
7037500
4795286
13230815
14965677
6626790
4912379
8940794
6647643
19546364
3514310
2297278
18735879
2787965
17988970
17445315
17308780
3413238
12415972
10159017
8131548
5891190
15987337
15446696
13284769
19060462
13804364
12252576
6893724
7469078
9157852
4637453
9327873
8774433
12689563
4083126
10222519
12423238
13023919
16870161
11759177
16538229
13988735
10284632
14147489
11767280
2340818
6067140
10001813
14756789
16226157
18133360
15469274
12003069
13369632
3364915
5674403
1784867
15617490
12568126
4075241
19596637
17205579
13403113
2981942
4506013
12307534
13204460
16929250
20152749
9864196
8478003
11301849
3642506
13583930
5238913
10231081
10746043
6127348
22469
113704
17174800
12977125
15582977
3788741
957628
18947891
9463143
17774214
9176253
16852564
1639030
8562465
8669014
9863439
11544406
13175027
1960548
4538441
9893852
1902872
9223933
13193150
8026016
7687734
6566655
8086224
17918815
17312698
14213572
12762579
12247697
11177947
5529279
7620249
14966687
1308202
1179012
19251125
19082416
10355264
15893265
511021
13739024
4351854
5195755
5073006
12348176
7156303
4432742
2031604
3880470
13656674
15224753
11906486
16165704
16612704
19992709
13874094
8536273
8817152
1247544
573545
19995099
6776823
8193793
9572657
8085024
4194100
8613358
1778311
14549363
19327918
2289332
8077963
18501067
7485086
7972264
10638819
9462684
12405005
12670422
8164450
672551
2506046
14892231
16838254
19118749
9495811
5323219
2265893
18312963
6570762
2839437
12918933
8168880
5854526
2281165
11075200
10048625
5715818
12853510
4387564
4833311
9964137
7286822
3123954
17449223
15259085
8584068
1522778
2274961
1044065
9687227
17979231
18581830
19400753
9428356
17490155
8686140
9572870
14577343
6788678
16143632
17416780
19707610
19133807
3060881
16810070
9998582
7930801
17347184
17673388
7139660
1970070
7427100
14426481
20125743
19697618
4296437
8499386
16041692
1392694
4364746
339790
19371924
2736152
19740543
3411152
15047602
8216258
12984021
9414520
9826231
8917228
1442171
4144712
2661907
19534771
744357
12660488
7255148
12912836
4944747
14394807
14882906
12371847
3432160
9619520
6680336
2549892
12940202
2511603
3942585
17304947
2851393
18135805
14862394
2381511
1336532
9699571
5419064
14320552
13935387
15245294
18059076
15377557
14211301
510558
14701904
9776953
7992341
16778347
2479365
12937088
5784025
17362270
20130230
9216184
1592661
6600141
11766076
14532862
9111744
10529956
11627385
6784432
8455336
1100650
9165942
9791867
10800221
9406301
3901995
4525183
4441170
16782366
14724035
18652470
17292923
4036810
8218998
5074839
604732
5519658
12833222
6388757
2671503
12753027
15604940
19295884
14174464
1981887
13618321
3075783
12511843
20067001
4681510
15788474
957227
13847451
5369917
6578743
3043327
4093207
5925221
2305792
15696868
438831
15779557
12779366
19507361
18819850
12675500
20112092
4129084
119594
6290424
1621882
12872620
16716660
707341
6836659
13519842
9146958
4733737
642556
3824830
9415246
16431030
19813776
18083992
16622242
6182094
15948614
15536744
6928610
13075701
11023187
2188737
8644833
18623848
1485673
2075555
5910219
1387340
6204638
6029812
2499060
2647815
13723728
14037015
3355156
349962
2167728
7323409
20115419
2810284
11148238
4141536
14062609
10751590
17046824
5295722
11754979
7606309
622041
18683589
471586
6466523
661901
3937714
19911666
2147573
6013268
5611460
18566632
7039201
11641272
855267
9687016
5154575
9713577
13042171
325832
11881305
15186875
15262546
9512884
6124688
19404082
18396788
11697573
11061777
3482085
3242128
18668085
19135845
1715292
19139670
5391943
2377192
17898680
20124904
19556484
3701523
5525939
17912691
10740724
17167210
13589254
217315
2111360
18124126
8080781
17468912
9795006
3057231
12521033
14129185
4003214
6535986
12315548
10522083
17597762
15797632
13764210
10876719
9544348
10300797
4627260
9757586
7499284
2315515
9672065
6845343
838334
15198004
19579329
11579057
6976085
12958158
6617667
3908741
10871860
9519743
1167228
15488161
7398269
13688260
4228218
11401482
15045542
16543765
1713140
7254175
6952269
10298645
18130893
16496616
389017
17579449
865074
2709596
19894963
10537138
9554938
522872
346013
3745139
6923224
7322098
16703296
8362186
11230838
2186027
17881928
12398065
12495484
5069772
697196
16723701
16471254
15742737
7878337
13005689
2786488
9651901
18125630
15738676
759389
18514646
13107700
1624462
1013818
7613535
12161599
5390051
2957702
12507612
9135189
9880926
19829709
449357
18243111
5671418
17667103
15914615
18069482
4773458
15805682
18766677
1286734
12066511
9120286
3986367
19893496
6728069
13638267
17808701
2256320
14397655
10934218
15364020
16022116
6769331
17798850
2794587
6980678
546127
10123494
10937162
10427052
4564074
11386518
3281035
10235491
3664493
14016945
8094548
8437950
9612202
1472096
4545980
16500009
10592381
8532346
16183080
17320449
16991908
8602652
14398065
11179139
14358165
4372956
1812126
917072
1961381
4606712
7897749
2507507
14730205
18834910
7755855
19294278
4832300
5858185
4140640
3318088
19875129
12235187
11756037
4098202
8528579
11123312
387786
13942255
14476953
11392161
5873576
11258437
14816108
61216
17258871
8963849
4434171
19070996
4702216
6395551
3467284
12599964
3724353
13018784
6045745
11480207
6923934
5699340
12159687
11064573
9017427
11824391
18121056
15594760
10743889
6439210
1328943
11131674
171040
15805896
17345131
6044615
1675204
11950814
927126
18934074
15735958
5361296
17794645
227749
6578142
16083224
7649008
5123791
3712880
8516049
11425293
10636813
14215388
3374556
16522681
18054111
10020242
14433312
13438446
553706
15693817
14767388
6506676
10686153
5184155
18673102
11552063
6859358
5234787
12479189
404303
760321
12661780
18198948
16019789
14061218
8893043
3458373
19185008
12605922
11974421
10399876
18064030
800680
13774431
14376287
18854790
18615969
3420470
6904107
19169674
19114287
16492791
287221
9590015
1466521
18960322
15963373
3147175
3984685
8232137
3551477
19776725
683493
16571720
15586089
14744710
5254339
13865757
8540589
12681556
5629753
18940464
5356458
1251729
7325767
19732744
20106518
5731311
2942789
6800201
19722280
16878371
18114287
20009501
1079257
14402103
13580694
17042630
17549277
12386674
5064342
15922050
11952974
569130
12283345
2149935
10135135
12358979
16015691
18675723
19861831
16466740
12227059
5007864
17718468
14374121
19561903
17614561
20105431
2294267
19236057
14438582
13993934
11961215
14237658
15073190
6152894
2429224
11905395
3491746
14815897
11791033
19413795
6558447
7181458
6308012
3529677
12137889
18666990
19545367
5424483
13139692
15801682
17651541
18147555
8131021
11815237
17499033
5535158
6531539
14614596
19592510
759697
8398105
11343301
9818650
18292590
12317490
7069169
4808857
15809235
1674642
16599889
9833902
3054384
18602642
10963209
6584060
10530106
4241070
740298
15954589
17380762
11363276
13395705
15317892
19494296
20032238
7427797
19850749
1174648
16863688
19232835
16966064
20083088
5187007
1395586
18165253
12325792
8464754
2763685
2745898
4960691
14184869
12579799
8015074
12577087
18364303
9420429
17928488
2394949
10160727
13672652
19775710
1313578
1679229
9704473
597449
16532762
11953565
237774
17707409
8606828
14291904
9284345
8479491
14300206
10679930
1255616
1236869
19144683
4019300
3982766
3894950
13025465
11383861
6731319
213423
9537739
16151748
18141910
11932687
923346
11604138
11497972
2236923
8104662
16023741
17866091
4426999
7766881
12925160
16955703
11195005
1827935
6029623
19674495
16128140
16709552
719686
17365008
10465107
19770706
16169070
9181352
7407042
7342506
15912670
7620464
16880244
6675289
373245
8602507
7598634
6798678
14921774
4656852
14903339
5556386
2312519
14151633
8144563
15237678
10896912
19339567
11886909
16926534
13624933
7804624
8246958
9165915
19990928
18712064
8726196
15949573
2504287
10954533
18113374
18416956
18574996
14783193
19913541
18948240
3175275
2123046
357790
12918345
6779898
15261128
18474730
3913712
9202337
6408868
19151389
20099248
5538010
5649169
11636653
13984239
8275089
19883610
2939729
8055592
18385249
11665924
18826460
679111
17441752
16729409
13917363
15806323
6123473
8441775
9365434
4120044
10564820
9723223
17038388
17344717
19805647
15302693
1048004
8797559
16532857
15020689
3507678
16892162
459433
15144330
10665976
8734521
9638812
13605704
11611408
2634932
20092923
5048739
3314043
17324250
16599443
12052701
7741444
2512492
15315771
11928174
6632535
5670166
1440972
18492218
17836179
1036194
8405782
13705478
4655048
4728214
8515742
2984021
16441672
3796471
18128351
6897223
7352287
2378034
15324223
13784991
5012965
10028017
18833729
3148303
1963139
10044044
15201003
9704582
7377831
5127645
1422331
14010365
10797811
17895023
12292158
3244861
13752512
487515
16950338
18407560
37025
76952
1181156
16478696
3873422
14130802
18197214
6047004
16508835
13311012
19831994
1311376
18160325
13276595
4459678
20123463
3110214
14481977
9617620
5309340
14430917
5861247
19319704
5018303
3545845
6222733
3084459
17298356
1531543
20034797
10316787
1568567
20111748
6319239
12868558
18806465
15271336
10855348
19674764
6391043
18987655
19296334
2523714
16937555
7183800
1804687
11671889
5115309
11107959
1079085
10424648
5328452
1761627
4355223
5168050
128767
10577955
8252509
12248418
6930793
2898177
2354781
8499360
2799500
3495315
16189213
16427260
13587946
1655432
15891599
14800284
432663
9798804
17323997
12191513
16982603
13949980
3652978
16919207
4847514
19763782
7133430
4997261
16346704
11488652
4986607
16475470
16887902
13239115
8513463
3608271
16137291
5689539
6928926
13758086
9184853
17939434
9974921
17594095
19594866
5656095
12183954
14848824
10276195
9297527
1651208
7048373
18068802
5304185
3757156
2705891
19889262
5711881
2524448
16025541
12021829
7511054
12290586
8699306
15571464
15625345
7128872
11498330
1104459
8879093
20077711
5110608
6608103
9842207
2494278
5992544
10319597
14678231
630943
385367
18797053
17313870
2255036
11476726
2407631
833487
9003913
17118188
6545367
11528360
7754601
13388491
19039413
14866482
1877373
9221748
10281402
3827540
509653
11385861
12706633
15408659
16496468
19314735
20072161
13812041
5096854
10181333
3101143
549092
5387996
16719492
17862961
2464327
7985793
15091887
3297813
16989705
6820947
4664475
8307640
14575547
18052966
1957924
4052900
14751634
11179671
14334302
18579173
6510619
331034
11075381
1708853
16827501
5000987
1570589
5250413
4919136
6573218
8351555
289523
6782509
19892342
12973780
9246835
7667711
7855242
7365943
19478711
9497484
12030417
2397223
18894326
4694254
4355146
2736802
19445887
10356113
17071103
12635932
11688027
17402136
3500888
8218176
8840508
3323171
4610060
8912216
8242306
11183277
12085066
8531829
12787081
11766984
1295184
16855211
19434694
3971721
4010729
13524276
8290501
10862442
15921498
6974402
15556695
66220
9711203
9613454
5243628
1393177
2038961
16931654
13616608
361144
19971125
17278411
3684314
4370761
5980202
6747916
15554037
18065268
15279744
2951990
9621827
11396223
19807200
3667392
10189239
18639225
17191667
18479739
9291242
7724037
65013
19669232
2611552
4597511
9072261
7855179
5990688
11111221
19608128
14428591
6293661
19368829
11496578
9977974
3529165
17476779
16725889
13904497
10152918
6616504
11677782
19774744
12834022
11274558
18263431
2812837
9703358
10065970
16113871
13815895
17790006
16178883
13274702
191133
565970
2136539
2867607
6556657
8069055
2265310
15806543
14362715
16455434
7092696
19161985
14805894
19390771
10498745
3321263
9333264
17115249
14999044
3718880
4560142
6063177
16803606
7372978
10587830
6659151
18308145
4193300
19270452
14276603
17468002
14282880
14842572
14425836
17150486
16220524
2284466
14237092
11816643
11468477
5303397
13730634
10420037
20109291
12910980
708357
3220129
2033820
12644901
18219172
573995
17205043
19103645
17377600
19399316
9481050
18858047
17497036
8495646
17918074
6384511
5753223
6811826
16048378
15000354
3751887
12058478
17284819
12810274
18696416
3364167
18113671
7037921
13784203
12833833
19948901
9313856
16053961
16804016
1748332
8884004
17378010
13774670
7777224
9366481
7784858
12079570
8014103
20103189
364791
543049
6277275
939309
7354874
2115229
15939662
5928056
8995002
7835352
13559626
2302289
6020815
6284168
9340209
19805017
19118000
9078685
3729744
9782832
493572
299372
13488131
12692877
14074041
16086651
1848934
1648474
7955796
4684332
16572959
3141882
48676
2639809
19112910
7403549
19786757
9663443
8152901
8571334
12320090
16533822
5694918
18340904
2607565
15035127
12756793
16546860
18935107
16486536
6119267
19428679
16785907
14428693
6732427
10649524
10304919
8581360
7119293
13082010
8086988
3481827
11045187
8135663
942932
9947672
10360508
519264
14432410
18513408
3911894
6542076
9658101
9606811
4672555
12265665
19463233
17429347
8602100
18187916
8526755
9542662
12227466
5102237
18792650
18959892
10573056
8887145
7330828
12513645
16790450
10239111
15995471
7625213
18374773
11759698
12394180
8524856
7100258
6616166
1649135
11012151
7979537
11307235
15440257
12652091
18394195
14693066
4692310
1607166
12670557
13219064
5971123
4687598
18321300
4553349
3437065
3505228
8261789
5589188
16018872
19873534
15828298
6625214
7288322
8813943
18384912
14503798
12160094
5274745
15941259
13809229
11108191
3710371
19937759
6338023
11183757
12942826
15852384
15876066
14549991
8312516
8884705
15342410
7821409
1816877
14717054
11258474
5322104
2768418
11668957
16162271
2431527
2108127
2577060
4541145
10922069
15783267
13866238
17903458
847587
4418368
11502262
6777073
8128738
6050893
7936392
19312494
18993718
3578351
9799432
8154580
11890867
13505432
18318285
19712275
15322308
12824914
5581620
15465707
15593331
12071873
11417553
12846154
14179999
8815909
12208594
19923363
4388751
5864407
17616396
57634
5104070
3729530
6834706
13232807
4601718
14771097
7156172
18416731
18349448
16955603
6360886
4851186
5071907
4468747
19384756
183790
12114956
19787672
10470793
7497863
11649120
1677921
15165312
439990
10493829
1984777
15184648
9703876
2670479
7411915
9761509
7774548
11141444
16596214
796930
10564457
5978183
2774397
8770763
19148926
14551296
9952945
18821407
19623202
14421691
17995738
19806991
1147518
17572985
4888655
8645380
3832976
6566576
18631987
19304685
11881700
406339
14278908
1375151
3076817
16512119
5957955
10851364
7443138
17375465
6469589
12828891
18174943
9243986
1389229
17113444
3584857
11342173
15724426
2997634
374735
8331035
17625920
1522253
514892
2304151
4988928
4347867
3692022
3410491
18473848
10395017
18848549
7363627
6591464
16746662
3665321
12549418
7387601
5929755
9714458
8678486
18758645
7678976
17922471
20147873
19613715
16328623
11279622
15127716
14147552
6475652
18280047
11563047
7997904
18794938
8688493
7808128
2932380
12380514
11218618
16227523
2565107
4678038
3380726
9156570
1214275
7046046
16527283
3423172
12975800
6031317
12101657
11524020
8531588
4634999
6282765
7934879
753197
12383682
17883890
14900748
18859333
15953512
1074666
1468109
14538025
9763159
9276236
12291701
16964968
15316149
8308799
19530074
19994186
6510820
3297515
16029757
13556866
19824798
19452928
6322241
466986
6165456
12667557
3819869
10800454
18950321
6576043
6374946
11123578
4249509
16096989
4593782
15024316
11992950
6061890
4173213
1545684
15338125
11286209
18510652
5265145
14416303
12651597
20080627
716699
10770408
15899959
14273564
5206077
9963758
15417100
494358
16129213
7874232
4314226
1540538
1435424
10890269
7915483
12559001
9961073
18833767
11974079
19806684
10616292
18035968
3769472
12161976
7984965
9876976
5283499
13250109
4082855
12756391
13120311
4799553
18348094
8809845
13894412
3343746
18773602
9101087
18869823
9513686
11796615
2973625
11054223
8053334
8685189
13791001
15433631
13467557
12414343
7197285
13063816
2820211
5022828
16833288
9803482
13007792
6499839
15086980
868773
5403989
2454242
13989083
5024837
591912
17620224
18919248
18967377
11004697
2631207
12448072
307959
9249117
15421696
6183477
17302450
18928180
19974478
12525656
12185312
12178396
19722940
5038703
14998606
4535344
16693286
4591663
12364431
18014421
14499938
13233203
3207985
11775476
1833158
8232822
7188683
14274677
1762941
5945635
5068949
4394147
13215002
198203
8464559
8426273
6381680
5556585
1965324
967029
18082240
14150635
13145424
12416052
14010634
2754902
16951395
5314791
7346564
3926697
3118787
16667798
11981196
1148068
8232849
13814353
4202185
15421531
7878605
786421
16188461
7768849
1864
9193039
7967052
8466422
12440607
9170027
14023006
14405931
10137055
6716118
3167437
18103774
19132169
17178070
648251
10694435
2282437
2816111
14621131
222519
19483908
1213198
16402306
2327628
15027550
15425786
17749158
17727450
16212207
8548490
107171
11035366
17741528
2895518
19501787
4793007
12065544
13314369
19198937
17023894
14851782
17187669
14917243
13773526
14155315
10386790
4257536
11259047
13202900
13699962
6302861
7297679
14913160
17526463
9625306
4551581
12741824
1985335
17100327
3564902
10533824
17207497
14600267
2886224
14924310
8712926
7679230
6779429
16848590
1489038
18624618
11489947
18676706
8152732
20084768
7442892
18539521
19163599
18701938
6353292
12653136
19826095
8472266
2177167
17142133
18097571
1550044
4494828
20082905
13471666
2881026
10406305
5290034
12302588
8113824
3919
805089
15793053
1604643
17653678
17282090
18836
3754496
15748371
2992863
3628839
18012559
1321960
2582013
16504072
2496547
15235149
10941038
10968813
12233611
2694042
3677255
13783654
7188870
3549736
7044895
4891191
8777336
7156224
17193778
16891159
7160142
12820163
7295083
8764784
10263416
4366748
8783619
14017912
14936414
11776482
17646750
12738548
7919737
15050059
3853492
5237579
4896079
9615825
11027687
17129689
12309867
14704942
5524215
14320032
13075973
7390405
19211222
16674604
14546629
11015871
13355338
1496346
3625609
15471716
10261130
13889025
14659759
13866044
2517808
4207044
253397
14985853
11766888
2994429
9825487
10441675
8232008
14721565
20057499
19259694
6462126
12156941
8575507
11986340
6266548
1441055
14198040
88641
18115658
8534244
11104512
6081867
4851886
14730120
1343158
9934311
3230016
10824212
3589930
569119
15031256
3843327
10376268
6587719
1659051
15023050
17029393
9891058
9534191
16876467
3761624
10817612
3644280
12337130
17625247
4732123
8599481
11612862
4820764
1326010
14968402
10746571
7407877
19820287
87562
3572330
4365469
3317578
14396542
7955398
18918416
9217373
6620020
9084259
10626387
8279071
3896885
7445355
12991424
8252371
19143117
11574343
19069982
2576972
18732769
11306100
7309095
7121825
17740257
6951154
8447834
12498234
12519020
10677006
6929392
12606581
9070632
11294860
10745454
3256749
14071554
9453446
7295417
15512869
13359000
12743099
18613235
17255884
20188453
11394235
119126
13942441
2758153
14010403
16519413
1280497
5106078
18649803
3223617
2635911
211828
6492747
9955440
12730847
17169752
11706128
5127003
851255
17822283
15872457
19139723
11683412
20147198
1046011
1807153
13295773
13789109
209963
5162529
13767137
6425493
5281654
7499154
9183646
19292057
18839862
5285438
19219430
12100536
3330351
16676636
12312363
9823097
6421652
4832785
1603720
12949075
4781083
2454975
10560933
443115
1384273
17065641
15411608
2430284
18872793
8496957
16219392
13904051
13659485
4597401
119120
13762434
6917850
4124061
12844066
368583
9409498
11853072
12469118
7561144
8319283
19602776
17384240
9562230
4225136
18987960
2300880
3827514
1232510
7683109
19302349
17648502
4538325
14503532
14900081
18232413
17821784
5730345
11926039
11270844
10327745
6866454
4822854
12066890
10990514
12488215
7256768
15221308
19162582
19725885
2572027
2092737
19118236
19956267
6476262
18164667
13555098
8777142
16813476
9608903
11281546
15905400
7046980
15819870
10198508
1736637
8663154
7809867
7466981
15410488
13902007
12616021
2066518
13546156
19504206
13057031
5823946
6550549
2889210
19807824
887305
5461237
1690136
14826836
28375
8166397
7602374
13583472
11764834
4205425
2981950
2835955
20110825
4850225
13477120
4920204
1408157
1929849
12730070
3696433
12161633
1242948
11133749
14228150
14789103
5248826
1896052
15434345
11799374
4785262
15031744
7507974
5067794
11543175
2124385
5096168
14530867
9726758
13500935
906573
13932183
11304180
18774247
8653879
10975700
12040943
13574082
12383857
8792087
915023
10901585
743295
2157971
1824910
9792740
11768369
7073735
11688792
1813585
13694405
16474053
16845328
991954
1331422
2999374
3116339
1248885
17530241
7664392
14749819
18436813
16417870
664870
17000635
4861324
11640569
3652449
13256701
18845721
7265832
8993020
9536882
2830422
5972286
6183087
12623162
17740654
8078117
4101529
19554239
16593817
15396877
11010438
17585771
11549594
8831108
15523405
12798478
6150924
2977372
2159168
19409032
14216538
17855757
11020538
13899157
9285901
9494283
6945434
2742494
16760114
10759749
12279375
19590535
16732034
13283757
6824568
9083559
16183169
10926096
3248669
12566562
933844
14259107
9941908
12483437
2879790
76184
20103210
3852009
18085275
2051953
18082336
12091388
19907709
3713745
5780121
3804482
8029323
7546850
6546975
4579012
18306598
13647645
18990843
9649503
6720977
426282
18733061
2693721
11352378
1771306
10081578
7107517
10851708
20023485
19590954
8552793
14920964
19483739
7226097
12795815
16356988
5098008
4676778
10875568
3633048
5278194
14680049
11662371
7646339
16048319
11062678
563808
9485539
4664392
10213310
11027811
5090674
8735947
8542828
11264347
10507252
18624405
18371863
1148535
13258762
17752392
9701327
7969301
11847003
16927423
15586411
7993566
16846726
15084485
13690429
15301069
15183974
8160054
6753015
2619889
19029668
17815693
3183696
3126079
2269660
13397006
14153889
7360333
16954248
17518012
18624679
2072371
10753289
11607414
3220905
18833346
9149381
7743527
1413518
15817679
19492245
16999929
3600820
10949842
6695285
17291249
6040486
1668834
62174
7614797
4288722
13913137
41361
2293714
17039215
17342740
10512015
5803976
4492649
7255838
3111563
17938623
9328208
8686147
4156908
7370408
2130364
13306289
9935230
3543882
3734839
9217050
15365106
7335659
14988187
1849966
19448203
15849968
3518799
14331672
3254340
2628817
8034384
3295700
4922530
19894895
428016
15434544
5488446
19952384
2479957
3421304
12501878
6629460
12107451
16658786
13999867
14237814
4575946
3724672
12602991
8310784
7763017
7757672
10467738
2540779
9607637
4526812
18390746
7947732
13679779
16466382
10576548
1503739
19762081
15499077
1188209
15011392
5544492
1497950
14753351
2845744
4919253
1866101
9475203
17026703
18524886
3264645
5875389
17922127
6989316
13299675
6022486
9573628
846923
11311520
12114406
5275855
15838331
5116023
8044882
9307686
1371980
18621429
5632720
15955357
8731377
1642224
10756324
14275868
3140173
5299251
17121611
8059425
1986647
1207685
19907424
301108
4472329
393684
18223234
6282940
13693358
19067015
15856567
9361576
10168110
2581844
14637431
5796017
7697867
2471888
9924998
3891142
15914613
15557717
19846498
19467285
12021236
10392398
8354025
15161408
10512944
86507
18042128
12499590
1294192
17739127
7621993
587816
12954106
456098
6870756
6437040
19523112
17548618
15798615
9480798
20130462
5046917
10098110
2439200
2340101
14844403
6330341
13076009
5012991
787711
12332869
17034226
11180108
476469
11985209
1482627
562976
4638208
8803512
16888887
2166911
16425504
17476702
15121016
16881601
4137033
16379351
11015584
16506947
11967542
15317677
11248280
11835754
5205362
8508775
14175854
14871060
9660411
7041438
19884050
10448121
19374307
16707851
1417804
14672071
3303931
17932150
10056342
7942139
1346533
6734804
4930345
17772036
4001082
14872656
9264508
2959410
11041583
69668
14287652
17830420
15387344
5325507
9455749
15414002
13834281
3421179
10074637
18315988
10462616
9748263
8553684
4447794
1066985
4792784
19119865
19402636
17546229
3787078
7134350
18892762
10521882
6885990
11275669
9344259
1548221
329753
7124964
12589803
15431140
1202192
10209798
10608059
1348994
19665547
632932
10004571
17908021
10707569
8110134
8160212
15277127
16663817
7429302
11165407
16277896
1160038
10357618
13613701
4947115
12313263
7117334
15468996
19199252
18393002
19634550
537049
13544050
6549090
13126851
8764765
2572577
18157945
19372824
3921570
12434363
20005755
8747436
10131959
5324195
16857569
18292170
390897
8132258
332343
11556304
19231449
1492380
16735217
12634725
6439495
8838056
19752058
16729786
7826883
12755932
16153912
8363931
6089557
17524297
16312078
14854322
14918169
9080894
8838017
13661034
1304832
8633347
2198046
11436790
8778838
13876910
4339831
3991030
16830463
4672174
10368629
15851488
985849
6893422
3097084
7425343
15731477
17670438
18976425
18379655
10215945
14919912
6533162
16305501
7055080
17666535
5770694
1762824
6537004
14608710
10245153
2663131
18063353
12443198
8921216
6631766
930980
13261046
10622795
17761442
12754515
781000
8223801
13740364
7674421
11320885
15987002
18227193
8780898
14753002
16396423
18996842
4283785
17750880
9913214
11338864
10028286
15683908
7922983
16565289
10082193
12989432
14049715
7935121
5222205
2760506
9388182
974480
16021552
20010977
18735922
3386938
15613272
1570594
11948597
18108988
12891478
7725175
16125756
1461951
17299472
7133050
15280088
1372833
4673506
4982878
7532992
14701791
15488081
10277271
5877952
5359849
3056278
19927666
8116266
3099778
2477748
17504447
4074258
13320595
12126295
17631475
11528828
7529142
19202068
3267001
5427705
6704418
5813471
16374756
8166368
2902518
3297382
18267752
19307070
2792183
3040205
1450934
12315269
13349581
11728204
18193220
18709429
9605777
12731758
1436566
12705554
10030801
13762309
11601107
18172691
499475
3843453
9491094
8028617
17866817
7579390
8277617
4360810
8214156
19473669
7348473
5937970
17592346
5405800
5034615
174104
3267300
1306844
12489372
16616880
13035047
5293464
9937181
2430399
18025221
6195042
9957249
2666893
19957350
16379651
629159
246401
12680
4941548
3096313
12700792
7342234
6195225
17061601
15556389
279765
19231369
16315654
17872110
4426745
1139845
12867509
2515340
2446688
20178177
19132220
10303031
5261216
3680272
7554725
18107732
9875313
17511973
564200
4443535
13681200
16225078
19721655
8515175
956201
2607543
16037262
8298434
3624063
7709734
18676119
3903828
6730678
14781348
16597233
5978718
10742488
9254318
8494058
8010472
4043366
2237149
18313502
9304581
738716
5657802
2023184
10614028
17991071
17619103
9878858
6283142
13633756
9390088
9619612
14589956
6818926
5446449
17709686
5264285
13156182
16175380
3989408
19886859
10746303
376216
476449
16310087
4451829
3791802
4110134
8495194
850246
17244931
12621070
1588961
17724028
14644253
7024284
15504674
12052931
16903142
16609111
297558
904101
6018298
14887514
7723027
6286042
7208071
12987311
19442223
18204746
16976718
13939954
8740624
12174229
9237698
4840286
16626058
13029499
3771715
19942547
13879744
806221
12353193
10290000
18530249
6787021
17314283
8645794
13661248
8828296
5044481
13958805
9732397
5884074
3457190
12276719
12170116
5486556
20085325
6223210
3480877
11672914
20163163
12221501
18668438
4011732
11883082
15084071
17041230
10476093
9637490
5531845
11282313
1780258
15821844
9602137
3388574
7746999
13069227
17049821
11396590
18113707
5619498
15950282
3787356
3897983
8016576
10778767
9384539
2712772
17001977
12865415
14385685
11776011
19908211
12843699
15787743
6402165
2538641
12618548
16878257
12176130
12971689
7950145
8777683
8583108
12373578
12166257
11151402
5232380
3826949
2337568
18167382
9446446
18287849
16776033
8165725
915297
7344376
17550263
18659788
4135928
10205253
7656345
15911938
9903040
289619
11489256
16305204
17859979
18929100
7794332
4646981
11690364
10565772
13424663
15094767
2728925
201791
6035745
2782600
4028740
3194608
739557
8296481
16303752
12336886
16462205
12040344
19681261
13802043
10489708
3606764
18828592
18146052
19518701
8521207
13256966
5618829
19647706
10906520
4337504
7231613
10374796
16027867
17797384
3589035
5733505
15347605
3790825
11769249
12951500
2640860
14963856
8512353
10937341
5878480
638814
7189121
17918823
109650
15812460
8198106
3716413
14430627
6133733
18056409
17773129
19390698
18496533
17210410
4908090
17655332
19263318
15282885
8294070
11671573
13693215
14027575
6808753
12305336
5586399
19760253
14946195
15371551
8062181
5673111
1039606
3522290
7683528
18958428
3631939
3285563
1767406
2169647
17716189
7901138
15047351
10100189
1902708
13333460
7100174
6810797
10778367
974363
16914977
19072437
12645935
10397768
7710883
19454688
2492679
13297281
13825812
17438873
3279703
16709288
17933280
19351028
21153
5406383
12920328
18684811
3513241
14687733
644033
16050725
17410166
10512679
5940489
19312873
3635714
7861958
734541
9235377
8836320
17649518
2918685
1271830
7836861
10629567
516093
5150835
18748143
9163200
17411003
16849142
5662063
15133858
15989745
504511
15361536
8699648
19189321
13696072
18208676
14654649
9536372
15408418
4956904
10298156
14510866
3413913
18160113
10066703
7470585
6786008
7505796
10389269
2879134
15342656
15840131
18426946
15314786
9199146
7379722
12515364
5837863
7863080
7438798
1617183
3188887
17621629
5138127
2167783
11107277
3136378
11643728
15464944
13366091
16600631
5552676
2487829
20014543
18534084
12554531
7274704
20141388
20060326
12485268
17841817
10013853
2936271
16058338
5118214
12135416
18259355
17633577
17973278
5912011
19893670
14411756
9100897
17304875
19549882
6089975
3023023
17507556
17733702
13309262
10663222
14123908
13683233
13151050
8749323
12006893
5495156
10845322
6759152
166353
18151885
4390544
10180205
877731
15270177
10119714
7834442
13319108
7542867
418591
19231118
2047408
14830347
2942886
14173578
8991100
3854156
17196600
1109527
1377434
5116734
11772749
10322637
18799966
19745094
13893255
5417730
20061546
4528152
12176881
17474
17501333
11388720
5018975
18379063
6448473
15138688
824377
19767580
17502850
1242967
13609569
19550258
16073313
11373750
13513411
19885709
15227905
5320883
784811
16605338
10437616
7378855
1538847
3848453
6913525
15432101
9266183
1585942
14781549
16264359
16635135
12072457
7442655
1443685
5062391
8712423
11403669
5886767
3090874
8696094
7129734
16700442
2857223
18024342
2685063
16370634
17699626
17912967
16512812
13305733
9129177
1561299
474163
10668023
5409751
2208983
710995
14675933
3794924
15492543
10729868
219635
7354575
12993818
16695039
12416966
16527536
7888283
18303732
19618409
11405673
44337
10929722
14262895
18068679
13614784
5244400
10379176
6138622
1546787
3474484
15267798
3108085
3948647
546692
8517836
978925
1257687
18015064
4773849
16750229
3355803
20025203
18926100
16349620
11331113
11132641
12666731
14040692
4047244
6896011
5235940
4091581
17825732
14320130
16981555
6051387
14385826
7150306
12190009
10753908
10624790
2068678
13861993
9394732
2615370
17201124
10373656
18904776
9827059
9968800
10265876
13182862
9783578
8981551
4143353
15935987
14935487
16810084
9766254
13804027
3495670
9823489
12716903
16142698
3933194
9488033
1983660
13140315
11459634
14173668
3683799
1873999
11063642
12367087
6090026
8500307
4179082
16463682
7194658
14006140
1043353
12281829
6978577
5648227
16084676
11121930
1373789
10809738
2542885
5961338
4403340
859850
15784826
11941538
17002547
14539315
1219146
18986207
7469206
12678780
7770746
11153004
9374074
18834387
3309666
15464100
7124269
7488747
6538653
9140222
16316182
2403301
1211627
18116055
8051527
17296302
9027560
9425315
2716911
6391740
15386652
1941547
7251589
5782349
13883084
19075432
111240
9923526
17851214
2401741
2391881
232831
13554744
6587250
13888514
11685705
16872645
802358
13995747
18232593
4763876
10101504
425470
5975502
8007134
8476996
18093099
11855989
12723607
15631305
13069024
7899834
17572851
110189
13682183
6066807
14006916
8614718
15990332
6469001
11016458
13203508
6701831
19392497
19790757
379920
10867777
16452978
16213998
19684819
9296442
767449
9575898
9721911
1564246
12404328
18198907
19657344
19081612
10712089
15078224
11940212
13433218
7261947
6871696
1726272
13328753
668187
10340989
9108660
1958483
16178742
2101743
8660313
15360814
16713795
3861529
839462
12956348
20075526
313856
17074086
15664270
4711050
6585572
17228515
11936673
19605774
16675434
10807860
4928734
6364529
17569367
18361952
13626475
4230638
14909519
1566099
19930544
5040084
5496054
1678602
1008401
7597796
5160211
11190511
19132887
9021739
12029972
6700106
3708136
12343828
3563767
19372405
11876173
10149339
16390495
3602421
4365984
7676800
14410280
9294718
14041328
11769223
2267541
2278675
10821156
17177059
18876493
10541276
2006718
4162123
7041173
18046839
6581214
12201383
9026925
5503676
1012697
846472
12203782
4720832
8011595
15767548
18914532
19887767
5706462
15094602
3279763
4893742
2560977
12511339
14188459
11423601
19101857
16455999
8523571
9712588
13422633
7189639
43439
10250647
6173057
7084612
8087061
12754271
14107290
11935281
18257946
15119987
7603048
10251303
14662114
10435939
629723
8187518
10113281
1157480
3071695
8214340
6051221
453968
15546974
29255
6698864
14438406
16485253
10043730
3940569
4518758
12054664
19015728
14769404
18227721
711211
17677760
10771567
14818500
9402616
3640384
4549358
17005663
8712983
14032768
7231177
9342705
2009861
12165754
10500184
20113275
15201389
16551405
15388538
10537938
11401955
16908697
4765919
2498080
6742002
3527783
7016837
18796666
2333086
1575816
11635258
3044296
19253575
17228120
12684092
3267062
658079
17233449
15094020
9371061
11055792
17146493
13535061
7886948
9101822
18856541
7789799
19124506
10018817
2967912
9452019
1210347
19876609
9039233
3708426
1229482
12567015
10725262
14847443
14900101
7122373
6272276
12765692
986819
3289971
5239359
4253880
3948050
17294104
19347900
8140406
8139471
16283968
16496763
16026419
20207085
15142879
18637513
19121166
4951271
16426720
3184056
6161617
10914200
12223288
4691339
12143682
19611598
15416600
6780700
9122570
2328549
13052976
16709558
18347087
11164242
1738492
2390543
15112291
19032595
16559738
18073993
1782938
7454577
14360331
12630652
2272533
4114081
5879036
1183274
9065351
2095331
19399049
10048263
13009531
6233208
14739601
19974508
5634381
4767073
1366079
9578247
1916917
14419054
6077380
53579
194168
2637167
17475841
15306458
1459338
13825154
7991322
18273995
16101026
17172948
5515518
18373558
16108324
11394553
14378127
19994970
13489883
13566751
9832809
1110285
14621254
19393705
15906088
15076931
18982073
17272167
4444753
688565
6302092
10522132
15773864
6496259
13159298
13039280
16624013
9439931
1475306
4404910
2324797
17576331
16399154
7840314
15739465
12297053
19234866
9907167
12081599
7335621
18295214
16735703
3267201
12706043
15918983
19173289
2393845
9511928
16235031
6838597
10200492
17358418
12182024
5763931
3644253
20162618
18803211
57841
4213420
68092
19494470
6538217
12465718
10504495
14378530
7994758
17622844
8224268
12723221
9494018
15559888
10808010
840592
18827088
18335348
11580870
12611248
518769
882373
8635854
2178661
11082865
5783848
14360685
11668091
4249396
9134174
5082173
19338956
13347593
5150264
13444297
14707105
12437278
3738368
3696507
221611
1150787
11920774
12944831
5466100
2091533
18574136
6306691
15739916
11520356
17887560
8140740
6860420
18769933
11597889
9039080
4463669
12203032
18221060
16131759
16452427
1966105
1003508
10402254
15313698
975067
3636127
4631674
13412344
2195790
8328180
8455251
18378296
15070249
16221377
18665691
17161781
9406385
4761957
7512569
15748036
17470812
10474604
2398031
10851616
1862068
6258406
10136580
8886396
4269042
6057915
20160118
6235146
1882718
10351948
16370139
17889504
8809370
791389
5912720
11005159
3940864
14367970
3994326
19011113
5200218
2449592
10783765
14606602
2032844
13117629
10144213
14324951
3381808
7363539
19997863
65172
13621945
9924018
8951567
12712282
10803228
8901260
13768723
7507241
14074503
9928438
5186321
2673448
5541122
5920336
8499902
4303281
77881
12494227
3103969
99394
9765114
8709030
9527292
6619253
1616234
19671504
733780
4998042
1645915
521218
20094933
15267859
10445235
8836075
7769716
16069759
12558630
1328014
3366575
6422709
6077747
8552895
3917452
6440164
14473230
12417354
10743445
9372406
19732876
13847413
4293096
4108862
17377738
13820387
10728114
18993972
8102762
11461893
18813309
9748676
11983110
18697817
4806110
17249641
2144763
7397121
13108975
14703392
8725135
11296845
915676
9624177
19849740
4833128
16064341
8933841
12071777
1418657
13127543
6415524
15266069
17420638
10524385
7254679
11030600
1042075
6038226
19133361
7325263
19672830
8671613
14129669
18160222
8299018
5990181
94560
15696139
13920451
9619247
19242569
5006871
10534923
3477617
4646186
10189346
19541957
8401323
17082418
750189
16350161
18319237
10837554
8381670
8633198
18092232
14233565
4496568
18951753
13156501
6643126
13235454
16649409
562370
11185251
19769723
1373846
6101106
10076733
15294296
15720352
9108877
90743
866146
12586493
19768648
5876787
6739322
7959546
17780500
2310806
19131002
15889313
13148359
7302247
19343806
5851462
1325387
18661669
19624510
9303184
5094370
12649539
563464
478036
18656085
122762
1851881
19578486
10199494
17146177
9909710
14129666
17236919
5597151
1327031
16795142
11473938
8066352
19575984
3865309
10377157
18496561
19754621
18346812
409680
18888002
19019569
1735066
17339246
13254951
5859545
17254912
515361
6423009
17732947
19171446
1367066
19584827
13360803
6387856
16520579
3060088
15338817
8368369
3478535
16665847
4953087
9773768
4521774
4318646
13639076
9720227
17636502
8004569
2677910
18046181
6682146
1487054
14602543
18842688
14742004
15283383
15887175
15257365
16527687
8230993
9039682
17894753
7605395
2190060
19103904
18947270
71444
9053592
7105214
18581698
5509015
12058300
8145041
4852084
11198241
16605412
14572310
3445615
4399556
17250219
16313091
5902998
13558569
5526505
19566981
2911444
599464
15243731
18168808
17127150
18296019
1819361
9632774
5690989
19041141
3347549
19459554
13933880
12401141
6354344
12305153
17910155
13233939
15271489
2551814
19253476
11666476
11945420
2488666
16066032
3806510
13623052
1758605
17365078
19149557
1115161
66098
19749020
11180187
13056201
11487041
9265781
14875562
909391
9778065
8527574
4256939
3848491
2251029
16658079
10202834
9377477
9179105
18258068
4438541
6552215
12122415
16105016
18497634
14611080
6781919
2093719
2845004
8540523
14280093
1784136
4476979
14346190
16354451
10478461
2013262
7631067
14565537
16888823
8540457
4133178
27268
7618692
2802964
2278296
19098066
13005797
11655772
8066747
5874736
10915608
14618961
17997151
6810200
12906170
7219102
8413414
9821184
10064105
16953937
3890852
6669536
16252211
13058337
2813562
6520248
15071599
10444629
875360
6571293
13806381
20040257
6598561
1214648
2632796
3698152
102290
10459888
10175220
2990332
11155920
880403
17609292
8942646
2511898
5126333
10983043
10925312
9768812
836724
2490120
8480960
2327555
18742330
1328872
5141117
20083873
11221766
10407041
748809
17793059
19034717
15610361
19212915
38941
18243157
2700642
15172950
3313916
12875861
18163281
14469835
8577560
10383444
3202056
11089457
15509776
14185099
16836064
20099883
9843118
19326183
8370418
6991968
12679385
9699290
12133084
12552833
15742351
17361420
8122937
13324985
16185713
3522874
7148771
11045949
16587326
9849413
829770
19901241
17546569
18993050
14160652
5913704
3987365
12184003
11824457
14318436
979973
8450096
14207894
5644386
2387151
2367888
12636354
9887831
6888473
19590733
2230239
2420399
11563025
5174472
10566680
7538313
3518641
17715450
13405557
20105966
2175734
14235326
19796782
19722303
7839247
8568305
246878
11826611
15573604
6892630
5934622
16553576
10164022
20142515
1987538
7372468
17331698
9445187
17260298
4009746
3646791
19490536
1251441
15209815
19486303
11818120
2537703
2794519
4144441
10764555
2690060
1141471
4789456
17308138
15685069
12628702
487314
15931946
19276608
16060917
17645872
20032525
12404069
7599469
14785912
9212902
14971936
11907185
13479384
12021809
10738227
17126174
6123216
11989667
12125565
220391
18629082
9484563
3014909
17594818
38694
526265
18736288
19859869
17834402
14210932
12278147
18321715
4753750
6165626
8993504
2189197
5987727
1187148
4609961
563214
5221345
14403192
12470398
18700728
1035872
18029920
10437773
7159087
9809162
2352913
2200773
3049115
11837476
5215682
433509
6697465
5741946
13991092
6346909
18397643
7991600
13446351
11330229
7566645
19611977
113308
9755841
5389279
16332175
14365801
5952492
1343095
3379864
13244185
14865118
4415735
11063681
5092467
11574821
15694138
2266675
13775594
18743253
8925446
13812571
13998057
15622910
19554516
2600020
16791115
12563030
10591619
10027041
3682834
18158263
4249889
3796142
2524975
9639167
20128316
11712071
10412954
16292707
15091934
3446715
5768696
19507668
14510395
5682458
5693361
9994108
7949133
14290250
3348232
11695874
7892396
12167584
7108360
2057783
14767604
18720770
14620812
5148798
8537386
18303645
18128357
12787275
16921082
15474627
17247737
16838974
6976274
7450267
7742552
16889503
10896981
13511247
16186747
18247
14015001
16701403
4833650
1753709
10781228
8181882
13449582
13494919
139041
15379237
15552701
14906644
13889582
4784384
14876738
17248264
17909324
7615966
4646410
14619982
2880168
16715442
6069827
4677737
3955284
13812378
1356816
9673560
1934496
17543562
9691806
15949496
14034540
14525456
12524500
19637063
17528633
584954
12921557
17667673
10785486
3085129
7185189
19496364
2690808
16883222
16534203
389707
4288763
16001908
9830984
7168930
12506925
15900810
11846667
11283505
4324059
13203482
746640
1079851
5357915
5259742
11850642
14213750
14606493
19196438
8461684
11924701
14602687
1172816
4203245
5177748
19289664
6209729
4463687
16801767
2882526
15819185
12012769
7171288
11610668
1633329
9161514
3907169
12355434
15829476
10011969
11500789
3643829
10758608
7401935
3823039
10839645
14073872
18036788
5235713
13059885
6288047
11981709
7452147
2282158
16184954
12629895
16393117
2184258
11914877
12984459
20098504
7523638
4786803
1880663
19134305
1241427
11042176
17862769
13596861
1482523
7664313
19918945
5126351
13244217
7110455
8949389
3873437
16005622
6775752
3930446
8855083
7885094
15912154
11128525
4988547
6707979
18579715
1171239
3713533
10284168
8976993
3601612
12629101
13763796
5482274
11552981
9826518
16524450
4026622
18244674
18006972
6512230
17953194
17954619
14577742
19884944
6693583
18451179
15680142
8290631
17202920
19356520
10997020
12904649
10274620
15985567
19612628
3465207
17156805
3115736
13749374
744670
6717347
6168050
14508465
7020916
12542326
4124558
18366661
11390243
2158808
16163209
17902473
14933297
8728699
7091086
9429113
15422281
153136
4898830
18534207
17356055
4044925
9320803
10050280
9140840
20127665
9452483
12606046
11895341
7389514
966291
12640010
8928156
1955636
6938050
15949071
14497962
5883904
14105308
499076
2864007
4879388
13222844
12618599
13608086
103506
1837287
3641238
256641
6736116
1965021
17612696
5602336
6107119
7452551
9564472
6024359
11726329
1960093
17919699
13937138
17958104
10349285
2654869
19913739
12108630
18603939
9022572
12813829
7320118
9521648
10499131
12199505
2534067
2907306
5597166
2637572
4744592
4059700
2894213
6302004
6024720
15328204
6725635
6953134
2570330
16290106
7798788
9117954
13071495
5508062
2844667
10819174
10678642
320831
5343784
17608568
18924769
14366356
5033268
855759
18709299
15532399
13055263
1032941
18439704
13473725
18702233
18005591
17533424
16417741
4097170
18379439
11535520
10822805
5122148
8927145
1723782
12920935
18045098
14795276
13250292
15711060
225321
18750230
16031890
390401
10969669
9567530
14756756
16002936
10423288
8076926
11324910
18299847
3931162
9554189
11563147
2422970
7349356
8886146
18840710
6267821
1876456
4987101
11911921
1819899
13914245
13635703
9562129
11748918
3041850
17633716
2070849
18298891
16173521
12924034
18689291
1754061
2281140
8056918
17756997
7525723
16133843
8871482
5615145
20065004
13246967
11999587
17309270
15417618
15707028
15939555
16506734
17583483
716232
8208231
19403381
9451772
1633509
3576381
16021986
4675358
999673
18092834
17795544
17173193
10806444
16274410
18927254
7908879
4120903
11295122
10255897
44321
20166603
15871042
14930621
8024441
2481500
12029466
18263354
18188528
2579892
14559664
15561586
3296123
2557470
9575839
7569191
19222698
13152219
3380752
18719351
14151891
1263161
16304471
5935956
6890900
12368456
19684505
9621074
16489359
10769202
19876971
11354975
5546676
10358884
6075171
8392413
12840383
12925932
6445342
10818486
15505824
794581
990944
13623242
18383770
10566782
982008
17396043
18540296
4362759
15904970
12481763
447216
11999016
13239014
7338115
19188767
12713094
16959189
15467701
18303591
11447031
1433548
18671562
1595490
2330014
6853550
14435872
15255946
8120188
20075654
5372641
3736064
856173
18995882
1909410
6244250
14799186
19305452
4574121
19161944
9821293
11877179
14430455
16641604
19937488
1558146
15619947
7261453
13338630
5698519
5354619
4575236
7132066
18847477
992021
4283376
311898
10249188
14360617
8432085
10114417
19733257
12168149
5791885
13340010
8898854
6857430
7928771
2815177
6252847
1701587
12636470
12951321
10953337
3888945
12678385
12511482
19508891
19939837
460983
4996986
20115752
20067938
6950347
18752804
849534
6055018
19064701
11098722
205210
7286362
16034434
14759762
14275806
1615895
2710644
2964235
3294620
5460710
600707
9547466
1983592
13237176
2288363
12936929
17126121
14966747
59282
11245883
14696159
520265
11064164
14601486
377778
12835807
7965161
16259032
18890824
6819438
1968625
13917330
8927095
18003058
8466667
2992476
14440248
11177310
778006
17734868
11459316
1378712
1893205
13442907
9437184
4181567
6169411
1174176
13969609
6228693
7241354
8455344
6748957
18305518
17878125
1948030
10930900
5632862
13028357
9611299
7273595
14996981
3318204
16200689
7610911
6606167
14014460
1840734
12604772
9613761
14396897
3853663
5813768
16290102
17296570
10072247
261244
3255556
6067718
9052149
4305544
13309072
12328788
11054500
11404165
9996488
7823826
17156360
10450645
15673478
1378530
12545535
10460035
19728454
3357095
18070945
6124196
17371554
14732974
13550263
1596186
8919447
17403926
7409954
20030844
9311367
12303496
15113383
7388218
18371214
3955107
11693762
11469861
16283894
17569557
17695321
891254
5182958
9462552
6163194
15677732
10841081
18708729
5927342
10359110
1855399
18819582
11304601
14048249
13342131
19676160
15644434
17082873
11690957
17875683
16903292
791899
9968755
11806251
8180116
8129544
15761357
19873877
19599404
11834827
12054306
11905596
12726080
12058559
1157723
18889273
7525866
6820099
12208873
13453207
12000505
14064272
6883660
18126401
7902096
15367
17592136
18367825
17098239
9072668
16033084
8612403
4685862
5791414
208229
12865978
13920957
15969585
7350726
8131232
2415283
14226327
14858123
9962658
6074462
16015845
3462803
13600327
17657239
15671675
1664406
9447319
4346818
8548065
7363296
7070209
8563431
19776727
5227610
272542
3460267
1050269
8884944
8146128
6841682
9093172
15833401
15583934
19884052
18005423
3504741
17120631
12021325
13184159
1694160
18095786
3810875
5156962
6306985
1257689
15649933
7971390
5526304
19996750
16519454
12889599
6856535
19904181
7277197
6905440
20176722
10737463
7955708
3672537
13704887
9618685
7587004
9327863
4992194
2081927
1944157
3318230
19202557
13965482
16502388
686293
6672139
102838
664550
12979123
1360526
16314482
740088
6886829
10922104
12080838
14597723
12599934
11774594
16696216
19505373
6562187
2044550
7250656
10234723
15749436
11690636
17821726
19898595
16682829
14724948
1632327
14822354
13717081
15597808
11114317
9224669
2059523
6038450
9889218
9859941
2220271
814572
10600029
3928396
6557971
17502162
13347414
19157904
9066331
9833205
18452852
10449813
6699051
314379
474111
2238062
6826310
13117132
1926232
3298714
2452951
18590279
12942363
16170031
13977662
18877975
5571
10858480
4706000
4716085
15539717
1747566
5530656
750617
5675961
6909922
18252778
13844671
5857401
1929980
18499171
19131548
12379792
4987797
14267222
7675198
2047155
883107
15613625
19005106
19213540
18066575
17384960
11945478
8847478
5973494
10613028
8853048
11653269
10140323
13569132
6982561
6709184
13921083
7733177
7206441
620580
5775530
840687
1299276
7705509
19339857
220399
14906596
19148950
9308916
2371369
985680
10192022
17984993
19990785
9195137
10662440
17165321
15961910
19509917
2928390
1185809
8152540
14581658
6147427
16542968
16385515
12856611
10253626
3908267
20063051
5695502
9683797
693313
6994777
12210601
14854465
2036472
6906773
13792990
11345387
4099437
14778669
16358705
1874006
9380326
164713
7357741
6335222
16126623
6657233
4084907
17312431
14809772
13487860
18281154
5963611
9662950
10927340
16217237
8392513
10779966
16734034
12897605
6294574
18550106
4897781
938614
376153
6625849
9552900
6542836
10725286
19152864
2691116
7420587
8322765
2855828
14778327
9479282
13803746
1225135
8385484
5727049
10856202
1662920
3797778
11641109
6147165
14725117
7647921
14539677
115954
19203250
7226857
6410527
17542931
6945934
2170436
12740380
13571782
6544631
19283215
19118363
5487071
16795626
1149821
8631131
14472749
15928147
18110413
8066071
11974577
6285472
13793119
17652075
2769687
17590896
9082759
8916852
6926884
11551975
18277824
7042837
10544800
5294257
8274659
2698602
7061486
5266390
15438981
15454563
6632317
9333067
14362502
12119387
5918268
15512322
15571813
180593
6051341
13471801
3067959
12847213
14578569
16861077
5110159
12169551
9062844
14192917
875978
10811023
355763
19153802
12675155
5721858
19269354
15771109
8420460
6120415
827074
18680736
16396273
7459390
7803379
10548350
14400072
8542942
671544
9761461
8723534
1544180
18054557
6612788
9212688
7243997
3263440
14322847
19413548
7147579
3126635
79101
12779897
3482398
14054198
5244627
9204255
7934423
805311
12446010
8876133
16664105
10916322
5061982
18944790
13540996
10431627
13134438
1873513
5924466
17717194
5418343
7468645
15561326
12031130
11502629
2594899
10115866
5615051
1798022
12084740
8741685
16908842
4654213
12224082
5573912
4720135
16249633
13508334
5525446
3306514
17205763
1979126
14222835
17089040
15745211
2374702
7310242
8669224
19279935
8056004
6175993
4487853
15524648
16558615
11340278
6816852
19153513
16277439
7253198
15772830
8151755
15994883
7292543
12805967
2829836
12866454
12347397
13900764
985660
17872842
17207278
13012718
14673263
6040984
9891333
10208050
8415686
12022870
13698569
7485196
20078873
19874562
6794344
10214393
11044048
12955917
17031244
4808432
9022932
19105738
370837
17174686
14890196
2484675
4591524
12541327
15351129
16938920
6231667
11158084
9422634
18260240
3960377
3885472
4090799
8673005
8914817
7327780
485450
2402962
9634271
353899
17098819
11249910
10568291
7932442
3995403
2210406
12740873
13018334
16137439
7933005
9982595
5638506
10417679
9395414
18179833
379679
6123909
19232795
6359058
10367838
17282610
5140730
14253310
16194704
13813734
17989422
3312060
9120480
15213679
7767626
9474378
12102073
19017536
14863964
14855810
2802514
11895665
2207554
15820847
7822680
10140558
414313
13461185
15379533
9809726
6251889
10580507
10754930
5274259
16939565
912344
17378164
1869870
9986949
8183740
10504900
2587242
11495799
19625379
17800921
19263424
3710628
9692569
18070535
18574591
19369675
15694344
5081127
1366804
11304766
12903806
11507362
6540374
975863
1497766
11171395
7227751
12078272
16747621
7323306
3628708
12481260
4491045
319874
2257784
12674784
10824773
19876745
18991878
5061023
17467241
12866174
8771650
1770682
5547580
7135816
929932
1031500
12216942
17328455
7157561
19942044
3446688
13697935
707482
4944453
19690625
2756528
11844021
16227821
10079833
15472728
8498656
9392174
10613897
5577735
16888253
1228245
5244056
10491003
6289267
17532592
3146752
9882212
14124569
3515627
17018027
15054500
19578846
3845841
6993827
6525983
18609180
10440514
15045213
14137957
15384967
9346709
16894484
1839859
5364106
1585189
12133882
13862761
10977362
2537355
19440496
2476486
18797319
4474127
12967488
19907882
16828014
10935535
9579669
10742159
14451162
1208568
407530
8640879
20086128
7401356
9988157
18484883
17841870
4822945
12412415
7837708
14169654
3917770
9677566
14355055
5502958
16632743
8007391
11301615
19170097
2058758
13778101
17756992
1354180
1356460
12275745
18182194
12291995
1644989
8713928
1354028
17885276
9121457
9994906
17760979
11344109
19983063
10856733
3796850
19627303
18090443
11634557
8407828
1797789
16133418
2552458
2122042
12555736
5381145
13423657
11515409
7439902
1812629
3883272
8794082
3169088
10980312
6765851
15461082
12625300
10301074
11636405
10300152
19422530
1420887
2672002
5377510
16225245
13528735
9174359
15642123
11408753
598491
3839527
13206541
11553204
1213280
15328583
3898516
6594424
3363111
10235220
14034326
5175739
8939787
2617983
3166122
19920098
4205129
18627204
7156269
14506202
4874480
12277716
8539603
6295366
14949718
13917113
2310186
8268028
2881047
12773605
19676780
18511258
16613131
12672897
4675333
12647706
2612351
8573848
14063426
796757
13630363
7887327
793791
17391445
5326605
3959912
11922414
4353029
17408411
19078683
18859230
2072467
11145974
2009704
8367832
5885267
15926816
5499314
14153294
13629159
18272918
8440946
11929992
9496920
15935138
16605324
1934201
18547488
20000468
10818922
14165540
8241702
13527544
14959330
244019
13675444
13740537
12166432
18028472
10938524
5855986
11498573
13010990
17001960
13508277
16200117
17708522
9224668
16520726
6472688
17675122
14583219
14913633
4215985
18901434
10638346
15642605
625211
3796705
10253944
11444132
12783540
18495645
19792972
7532445
13560959
13257991
1062557
5516967
11076039
6822376
6194248
2364187
14654661
18017503
10693759
5465650
15515601
19918427
1775951
16809584
12204420
16359170
6334088
16420405
15050179
16972433
11852585
10496685
15590433
16927824
16762113
8163548
10034340
16344660
10517288
3384875
9392226
6401140
3723137
15289560
13223516
9917384
17653747
7667752
7724463
8137081
13133401
18061359
2666379
9730648
14660518
9692095
5879393
784181
5902075
15750867
12577909
12575955
858424
7957917
9293354
12441832
10942760
19327693
3397363
1249623
17533863
12789588
2472058
1046575
2690020
15695573
10963959
133342
18184621
13509717
3091718
5928893
11360651
579393
10480836
632040
10271487
16360228
1416220
10994857
6721967
8815424
18392107
2401686
11594636
7475036
14843517
2326971
1413600
18240879
18608313
18947463
5641338
869946
19994037
8331357
11386815
5568867
3285994
4182307
19078583
1199008
4932495
5050105
16810120
15413331
5682144
1692478
6384430
7098363
12687334
7927692
10735082
5690312
10329377
2119293
7986643
19994189
19477983
9400242
18024643
17875871
2958576
18487277
13567113
17773909
1429505
4743503
3132351
4715499
3747105
17032230
735802
8679599
1871910
17545921
18914225
7554054
14059694
5088231
9473712
1357899
13015922
20208794
7048210
3134875
17149382
15034852
17950359
16416941
19256389
15764578
14082387
2004541
8862726
2260371
19778449
10292230
1825169
17732095
9829024
5572273
9375196
5386121
9073168
11247106
17753337
7776968
13622455
11602606
12865198
17917462
12960504
491992
12737127
14830009
3626866
9676085
9654436
1366800
5882601
8700401
11952673
14786283
5526237
15636694
17046654
20125981
5718500
18871822
12468947
10368819
19265391
1633719
15754940
8128134
7702120
13297852
15905101
16145870
19721754
3381171
13852907
7293129
3873162
1200906
1912714
2321323
10876990
11567149
18719842
11580886
15088845
5283387
6156744
15436377
709656
18024693
10173229
1249451
11507387
2431752
11618270
10562353
19097190
1984081
13511782
1410181
10103228
4027754
17556050
4435853
7408924
6019828
11728982
11282085
7220733
13641695
13603407
12919018
20030139
6934121
4289479
9729856
12217507
5267519
4955808
12927162
18113507
15129037
8997909
9410469
12382084
405754
14794117
11268849
17421554
8095474
12679029
2135653
6944524
4845950
6571506
14353447
10865777
18300487
246404
12907806
6553053
8671106
5616399
6372767
15605226
4727174
10923918
7612308
4815988
15879726
15360766
2719070
5619634
4148250
6950835
12823013
19585723
1534527
18913157
16796852
4451297
11381761
13753800
11395820
16227710
15146601
360138
1704358
8057959
606541
14612163
14611011
9277647
15049858
15805074
4672448
14598327
6518567
7106052
19414314
17219588
2256393
1922959
17660517
6404642
8873793
10273105
5779940
5229616
8975837
17398087
4502208
15178893
10941462
15898027
6017474
5877639
11079460
2543128
13935597
11686001
11976586
3157480
753223
6816019
18962553
246966
1203921
91991
7353017
15439530
17311579
9609409
17362489
9582967
10835346
847153
19856072
16615285
6076768
3442780
8624243
10578975
13442969
19565705
1087873
19460442
54215
12167333
1793145
13989811
18674629
8591027
17147290
14249147
15407045
10720714
14496112
11432262
10812705
16670425
6661367
2735155
890705
18845151
12318121
11726051
19692304
6785064
2952207
379943
10227844
11576450
5780214
3460388
5753026
6868086
17742125
5807240
13856714
14356566
14618346
12320918
2737168
6376508
6359640
12965508
17097221
15677048
19219065
2520797
6958344
491304
5255951
7849048
19336454
17574072
14396394
13639629
19180431
17348601
14019572
9197850
8714626
19799785
7479533
14467651
1278742
20042954
15096186
9956752
14189095
9504107
2067245
11747558
15880614
3248181
4502641
7588707
13746524
18543002
10109503
494443
19034305
10186750
8343490
12981630
7550397
2529460
6410835
1341699
14699356
15251702
5360845
18235277
9662358
12840377
7313799
5762395
7494202
2199560
15719146
16504592
11703666
12607687
8041725
2195152
10677163
7365662
9783858
4213262
5698239
19893360
4707704
19553839
9869685
7872489
12325044
12241377
5223244
13557174
13583076
19922599
8598451
18943920
17947451
13082104
6395168
5050825
18844499
8710666
2071680
14353220
5004833
8596642
6750482
7867854
10791793
17427644
15233515
365226
16462201
15753049
15079881
15991200
15096463
19770862
3653265
2032378
6623110
3697804
15589552
15027481
3409979
3977578
8582272
16178725
11880978
14977440
16050846
10515052
18509401
12943821
4657847
3303809
1330038
6229625
11171662
12121830
18478564
1016048
7308351
14730341
11590392
2177808
10511116
1297726
16769965
8985676
3330104
3182650
12683480
18919655
18210131
10914754
17718528
6581978
1704350
9389081
16380713
12576491
14725428
9500985
5309888
14204571
12804794
1461221
223771
18797751
13583051
13523630
19813799
15712697
8043546
11193766
12711800
13375958
12491492
9271340
17182929
10642891
7275286
4477280
4173417
96288
10213329
1681520
1499561
6738975
5891897
12701570
19315465
15438620
1992130
19446648
9432766
14796923
697445
9656536
13384250
9101791
2969742
7808920
4604063
5834583
13823981
12137159
14031836
926344
1198074
5825637
11569234
3294655
10302916
15742650
3390942
305821
12245466
4890503
7044795
12958658
17592072
971131
8186853
19584201
15239075
17619619
8991996
10757815
1887026
17197541
19859605
19888487
4796036
19284963
333942
13441312
11211697
14365777
14367656
7231067
20191413
547761
10525721
5105201
11111707
8737959
232317
3146748
13628461
2098407
10926701
5831404
3069537
13934849
26476
13129907
6165339
9018471
3677297
8052365
6005587
3326477
2551723
10801622
17432736
2885664
4032510
3255304
17251441
13221461
5307666
12053725
13769221
10654683
11980221
4670503
19392641
12212537
2638546
7631973
14310943
8386542
8284672
17380480
2110967
8311147
10299962
8276305
17329618
13977259
11149965
3124780
12125031
13701688
8747698
4168638
16587351
7601503
2245238
8449663
612539
7552903
15324684
9203055
13028881
7094480
13873558
12211097
19307017
11333399
14664365
13407535
19719941
2738612
5398886
1620483
11049759
15698848
4718083
8168952
4286978
15868048
6115027
11233304
9359311
14862724
10223238
5736237
2253802
12468475
9007196
17898060
14842673
4121455
6890691
7661130
11215934
15585544
14693522
10312526
6708518
9147463
3509637
6218034
6707370
8908522
2659812
17757128
19428665
7377895
536951
18536938
3035518
6651978
9559818
12394828
16335997
14604351
12952360
13411095
6862401
16780851
5920026
16526369
691881
12810716
3977074
11907815
3007131
18670596
17041636
9715649
2428930
340848
10754978
9136299
4070666
13414790
6683003
3288906
582260
2041249
16647140
3617777
3514522
817829
10833900
19850519
15422179
18607555
7872485
17105875
15177982
13792510
13421819
10691158
1214098
17398893
2388548
4221228
15859064
19430184
8758172
18287993
14592327
19513150
2035163
13484288
12717515
3539461
11594490
13299774
5580710
8031205
11738846
9095231
8849033
17394041
3556621
4060787
10612467
6250401
956237
5580024
20042911
9199351
16271182
16078304
6387819
13481025
89107
17068178
7522080
3668575
9967042
16935703
2971300
12002205
10209566
10510110
15541665
1593631
18631179
15943670
4446131
10159600
19860197
13295163
2164512
3206393
12177245
12776978
9456794
7954777
13178298
4110576
17154128
4060351
20188879
18363242
17541375
15099281
15220996
19884751
18767855
20009333
11431325
16560450
11801113
1430466
6860135
1953650
18055817
5280889
17897319
17323243
10261784
17547091
10407982
12426295
15574780
17406522
20024569
19852869
20182595
12992442
3753020
17126298
11874088
18763194
15279115
9205038
8473346
5110982
3700660
1852073
4909891
15131984
18412522
11532299
11383746
20093953
13485948
4050434
5164417
11172843
1163252
10247497
3330805
6392529
17495087
18905584
3588627
17309231
18548028
3560797
4912544
17122343
15508390
16786631
10496408
5398376
602541
18969754
5330654
19334920
15643122
10240544
14256480
8666515
16594138
251097
8550043
9869662
4301530
8535756
15863800
5464781
18783252
19194604
11857310
10889210
12711060
10267232
7988017
11048663
8649324
7721856
2781878
18979009
4298063
13278285
4166960
19932323
6858910
9497613
19056818
17323327
14559452
13102873
5779418
10943166
8175265
14329460
15634123
12476794
17686511
11287498
12762871
11080634
5092973
19441476
1759420
17804032
4319579
9747436
3463567
12968902
12290587
6245444
11737486
16588649
14345024
10725741
16310547
993510
15044650
9978237
18316836
9393677
17902405
18917549
15158138
5867246
13036585
10581836
13165335
5333967
1658909
5717781
16414601
6751882
19980552
18174020
19377209
4089706
2532327
2630351
11879903
14822913
8875794
3406964
6022434
18042114
8954001
17154276
19035623
3788226
6922088
11963330
13181902
4614069
10670455
2950912
5302610
18528335
13532747
18467944
3651877
10012952
