100
473.81 535.80
107.37 495.36
433.59 804.05
145.47 391.88
84.37 178.43
193.70 406.63
204.64 505.74
268.24 378.11
476.95 916.19
410.25 581.25
258.57 373.53
131.31 358.30
291.26 634.02
449.43 668.55
91.46 300.18
422.23 578.22
311.44 431.76
493.99 739.01
81.51 220.96
441.44 557.32
183.51 409.37
278.81 707.69
476.96 614.73
488.76 583.39
77.01 566.74
306.36 682.67
195.42 583.10
103.29 539.97
230.43 373.87
155.79 518.41
392.90 561.64
468.62 672.95
239.07 342.39
490.09 760.67
192.77 624.29
427.19 844.21
248.10 454.10
436.62 661.68
293.77 359.86
360.42 771.93
55.82 222.59
287.81 489.05
145.17 577.01
228.64 644.97
166.00 591.16
278.95 337.84
93.89 432.18
303.96 677.65
391.61 685.65
234.99 410.09
225.55 387.73
182.84 606.49
408.91 528.37
239.43 532.83
135.55 326.12
204.91 437.01
398.08 481.52
474.07 967.32
465.28 667.98
409.58 540.86
127.85 407.10
230.90 493.38
117.53 602.39
136.16 236.02
278.89 690.78
224.96 320.12
74.06 431.87
109.54 183.23
67.99 366.96
317.09 470.63
80.27 192.99
335.65 764.00
236.90 637.34
62.31 355.21
103.14 165.75
464.91 736.63
291.86 487.67
484.20 843.59
180.66 391.75
409.25 459.53
122.97 347.91
95.44 333.20
173.47 328.45
261.45 452.91
494.69 663.95
295.00 369.95
322.72 544.09
94.02 153.63
121.81 228.14
302.51 568.19
118.95 386.37
487.40 938.94
53.95 166.27
310.93 495.54
273.41 584.31
275.62 622.00
485.84 806.91
174.86 334.16
66.77 543.81
391.49 452.94
