100
951 2117
1747 2687
918 2051
524 1552
1462 1826
470 1909
1320 2996
60 1411
2212 2239
801 2393
905 2869
981 1035
572 781
2079 2377
700 705
220 2007
1966 2816
1086 2045
596 1016
194 1961
2409 2431
2102 2756
1102 2513
313 1166
1752 2319
2656 2706
1038 2187
1042 2758
419 1818
2188 2522
1470 2759
1637 1880
925 2076
444 2722
1683 1872
637 1281
1465 2738
1388 2566
2250 2554
230 1353
287 2224
1008 1410
1324 2402
141 1519
172 1058
14 1641
817 1894
277 2892
170 2999
335 2393
971 2033
497 1025
1060 2413
414 662
995 1966
1189 2014
374 1282
2605 2950
1820 2775
98 2946
463 2877
1045 1938
2214 2356
937 2877
1623 2564
1948 2270
646 2946
1357 2796
58 209
2370 2375
1384 1556
915 2837
864 2109
2235 2793
35 242
264 2180
705 1469
412 1308
682 2596
289 598
1571 2910
1516 2545
555 2341
224 613
2594 2901
339 1456
1254 1329
437 1644
1789 2469
2504 2671
2030 2202
2734 2767
670 1074
146 1351
434 1022
2300 2592
695 2197
1459 1601
1682 1889
2141 2565
