100
27871 36893
53742 60432
71093 73877
51494 51702
58848 65224
69748 70043
41089 50122
5207 10865
47113 49866
55775 58229
7221 22674
76312 79059
20278 29911
46072 46863
15972 17633
88755 88847
51440 54137
56953 58411
24600 33240
40020 46447
90667 90965
96503 96516
93709 94453
79916 80588
20495 29632
27220 30158
35448 46178
38086 48050
80692 82383
59529 59604
37846 39600
56858 59490
7131 11105
44521 48315
71311 74206
31529 34693
10658 24147
26435 35481
78796 79832
94243 95164
74744 77125
59709 64271
24993 30488
82267 82950
98303 98335
18699 26656
22782 34289
58137 63122
38421 41957
94345 95097
19900 26847
88059 89431
2961 13299
67628 67847
53547 55731
97398 97531
83332 85114
71184 73395
71251 73756
46711 53486
27949 39542
22054 24015
90021 90466
29697 35484
99199 99289
54524 57753
82618 85286
82359 82691
89779 89948
67334 68938
11856 21582
4318 9900
38188 38252
36214 41931
61655 67565
95343 96039
97389 97492
73036 73290
13938 23621
32203 42590
43124 48529
81289 81495
45660 46946
27671 37814
13633 25558
95115 95819
92438 93619
53378 54172
91285 92215
56415 58540
21571 32783
75245 78829
1857 18178
22720 32550
83715 85281
61633 66838
58000 61893
85284 87588
6568 10192
55449 58693
