10 20
474 212 133 174 279 206 369 100 163 406 150 134 416 58 463 296 416 161 171 424 
35 255 198 391 329 64 148 380 500 64 295 473 22 174 393 48 380 7 395 290 
414 45 424 75 103 387 371 18 294 289 442 330 43 386 220 118 196 115 245 195 
179 39 414 448 213 53 496 92 60 137 128 220 182 52 295 31 185 413 296 479 
448 485 308 237 370 275 101 313 390 346 254 315 385 415 8 97 468 251 437 27 
388 64 248 69 363 289 347 294 201 142 273 395 126 327 131 243 348 233 55 484 
78 55 298 210 470 53 53 437 304 490 211 438 301 205 253 163 494 99 204 442 
241 477 336 368 49 468 110 398 447 412 381 271 467 426 481 437 479 34 119 28 
23 330 466 70 281 218 481 275 317 184 463 57 407 298 425 456 11 281 353 204 
192 234 476 406 406 456 342 384 236 207 412 260 284 377 76 64 94 56 85 411 
