100
525249770268122476357753674221862077942525
47277041237068213208600680231286073214077274
459105918935969539819501954
176780237267290644581821704694736633274805543345508472336637496407128185446092762732087671
65300570052325007500356
769032452129200428547277545682850773119433373627494113087567943942556
1958432171704004850755261
676
652087478375499440117680116496853283920059518675816576508447224862166462335295986555435471115791
76730066463
7611991167
3392485541238562431878010188811861774234324771681188810108781342658321455842933
33538876446883232463433436423238864467883533
3307632268782140207686462925122452235454542986908887525737459916139905551749659667511107844055691803
66185814665656338789534236148396925004799730864600646803799740052969384163243598783365656641858166
631277749817343800765872888500185202008989815318
8842488
75717435174166056814553433435541865066147153471757
234570124422149755561020107
31268838184508657623316338455
9887883891463240223556389145612790590071
331861530839787694507078240677454707454776042870705496787938035168133
503513739409754458202027138457987057292750789754831720202854457904937315305
830752957723
037453
8462866823163744112245008305593648448463955038005422114473613286682648
5397380334958317537004447785451789590959871545877444007357138594330837935
00155425788188752455100
0144211199844417618608333158134664318513338068167144489911124410
41487974863829400771973628382637917700492836847978414
6594864041267387665257933090545194770196533263040785671990044775375584250706021299889170197
6393874599581303435633740950658590897448616756
9476116749
6634129240214890270753079030643207731
582850954671304214630075264772543728035493845277650879
560420740261345662515217842469575964248712515266543162047024065
826643388423798279972897324883346628
9111968692877
6200013551201088119207377756634254375833075193015157904801
7092442225544283586214206606063764118350027445015866489169766254697422754418130626266392571396765520
0138882004973208272424062654554562604242728023794002888310
68596751108600838998928821144310361049179931117126240042256887026220357
357621913313767245226600023597144119200533021846580350352813728259171344858032682
787
3053686863503
35509657681484243028204755153578138293273534158772594062797076009940469842477444725122313230930
539329953747396
403898898304
462737542239599995932245737264
725424487862573269413107
54034861407886969434603039338273879277517526112256718233168905594632395047878303996919456246917
0686745854351463522914192253641534585476860
351010123578141998475
55551902741146157014228795462119243922934291126459782241075164114720915555
33420364784457329466867122899682936163553110942808607331510488893719286508514895877
635222629442745640580314592229220258141852022922295413085046547244926222536
88641070776642386080603076872760755872041608866786769076873062337044
073153920780370261093836428862670905519588537863185468301109478680131119183061671
517715
262148072585
8558184197581287013540547907467434372981950070791368322014981726
93017785878671763536717687858771039
98571498771365143021098403551910889148917373807301431473048141141055077026326358421
2637017124652411158004008511142564217107362
60229704320638966619216387140704959528277947233274977282595940704178361291666983602340792206
016844263332942424658947180948559335852387573036403510428413488521129557237750392763917750029
348533227
8171869651880922000550002290881569681718
64783749727229207570292272794738746
6049750
39105193298394338951112282865493289398239456828221115983349389239150193
32443976356403112148096910777467956732923765976477701969084121130465367934423
833912998039171836396250993208491784903909046141773320519130991261671164060874
35255986036127389152316596462856393082695508268374807487345722371970151803859707389057981755112
7060798546430667647128391209516535995356159021938217467660346458970607
4357401966268078002467101416502773443772056141017642008708626691047534
30975375583367673466437676338557357903
210963004637505170071505736400369012
2605083618965128186344256524436818215698163805062
16786842424942424868761
4
0663189597141385092068139676005
3911501706635949839389495366071051193
172118768573936725375336201962784215827442721999127244728512487269102633573527639375867811271
18391858122986035612315633874807637912056244067621082568047727400123540186793
66524552197307630323439492858634987244257877875244278943685829493432303670379125542566
831790335566045003117681157962847936261
097788196386773786451435010534154687377683691887790
1866295926681
8675681813185491330009030239174187447814719320309000331945813181865768
50559544468947695496363536369459674986444595505
46769893437541869000461955916400096814573439896764
59530994917095330194684874614081164154867587022051732319782300546973559300202439622056934186330
830553657892180302161424419819315372757636074026235599140324457984171
566427611089172585940411585495044788679977887365051
2470910426097954841851507
35357748650296385459422494993398825819877826675212356605214576670172351053642365613273096675255
914538706330817262718033607835419
68027872320714
50754376485809917571990858467345705
