200 80
3543 5771 5725 8931 9057 5813 856 2802 6063 5461 2256 641 706 5172 4698 2756 5996 500 9609 2822 1916 2427 6663 980 6059 6205 795 610 687 5947 1181 5309 2797 7985 4240 1853 3798 6175 5734 9861 2714 9069 501 3420 4240 6278 6176 1315 6778 6863 5216 9773 368 2958 752 6427 9163 2627 8117 929 9653 9298 6238 2449 8362 1556 4302 2159 8810 1114 3098 1523 183 4678 6022 4423 2034 2198 6817 9891 
139 2033 9663 508 4991 1493 8014 5232 5199 6130 6161 4852 6507 2399 7301 4868 3955 2682 8106 2765 3796 2282 5367 3979 8039 1389 9482 72 4666 6298 9963 4805 9410 9625 6392 5479 2196 5485 1790 7396 1614 9030 2247 9200 1428 626 4067 6463 3308 3251 306 7105 6612 5673 2162 4650 8141 1643 4722 2806 9021 4684 8691 9509 5387 5082 4988 7584 566 7857 6058 3260 6886 9384 2459 9394 9 7606 5856 3318 
1935 7241 1501 8548 3992 3663 3197 2133 6386 7920 4939 5406 3682 4708 4914 9070 9791 980 7732 1435 9916 4868 5774 6802 4251 8234 6195 4260 6918 3129 8657 8853 369 1236 7400 4361 4900 1676 7573 1285 9596 2512 7770 4356 8299 3762 3425 8089 4743 2235 603 4658 7103 6377 2538 2432 5689 8733 7772 3685 1861 6428 2538 3309 7665 1016 8750 3643 2692 6322 6007 3366 9913 3776 7723 8212 7538 2226 7379 3359 
5541 7982 9097 3722 5438 1634 6155 2205 1446 3926 5891 4386 1432 9508 7696 175 523 7524 3818 4295 3845 903 8740 3758 5758 6462 1969 3296 9768 426 7734 5308 8409 6830 9030 4925 9544 6263 8209 989 188 4099 6454 2700 4685 5228 2875 5209 2751 7773 582 6597 8676 9322 1433 4434 6863 3402 8809 6630 3828 7621 3016 3315 5530 3124 9319 5073 9388 7528 7141 654 2705 4673 3354 7391 9902 6230 3678 2652 
5081 5339 327 4835 4660 1760 347 2601 6241 234 309 1148 7856 3325 5542 3385 7529 4861 9537 6916 3467 7756 8649 7251 2428 2003 5720 3408 9312 476 7140 5471 5815 7467 305 1554 306 653 4155 6547 887 4465 7695 9822 8869 4316 4285 6397 9177 3821 4391 3722 2655 3040 2051 6163 6122 7772 649 6512 9327 7789 1982 5142 5256 3366 6696 5562 4019 1929 3187 5986 7473 882 6886 6342 5198 1171 3817 5453 
6071 8209 253 8727 2327 3383 5968 9528 1154 6617 6039 481 4406 8021 6702 740 1386 4476 7381 6485 7484 567 3549 4957 2528 434 2377 8805 1605 6194 5336 8756 5481 6668 7482 8887 51 4528 8414 2284 2223 4452 3844 6629 3551 1624 8448 6017 6100 6907 3580 3584 8554 7129 9620 1081 8642 1996 965 1326 8190 7380 81 4750 4048 8642 3636 5178 3169 2050 8541 5392 7581 2385 3100 1132 4009 2626 8228 1188 
9534 1807 4772 8087 14 4391 246 8656 6387 2290 1060 5655 9671 1141 1483 4797 9783 5120 9975 4030 7170 9594 9423 5829 1978 3601 6961 7067 6227 6267 8255 5760 8074 4105 4925 9167 8496 5172 8902 5961 8541 9962 2694 8211 1103 4178 4086 1964 376 5139 5995 8625 4733 5417 4453 6711 96 2493 4856 6323 8760 3110 3162 7913 7215 8087 7079 6789 4337 5980 3828 2878 5942 6523 2167 8124 1779 6254 87 2155 
1392 6082 779 7204 2577 6311 4994 3752 8804 9850 75 7564 2960 3237 5476 1253 2402 2554 8043 7819 9614 1870 696 5555 9472 3942 4757 2329 195 4844 4484 2667 2005 6342 9871 5661 2653 4864 9414 1456 5793 9489 98 8753 3804 5574 1084 7285 9208 9127 5103 8821 2076 5799 5454 2626 820 210 6035 1015 5054 518 4761 8138 7940 5711 3799 1671 1653 3212 4206 7446 3779 4305 7277 7583 957 8362 4867 164 
8567 1049 8985 1721 7927 5517 4348 8747 5727 382 9763 781 1979 5602 8919 997 1312 3796 2668 2966 7008 6875 1490 786 2258 8768 9448 3215 7129 5394 3380 5695 6443 3443 7417 5448 8961 2843 4195 5766 4304 5036 7626 6283 637 7624 8360 3029 1419 1027 7074 8428 8981 8564 292 1238 7331 819 4454 5538 7292 8913 1233 4813 3434 9729 260 3473 3650 4455 9240 7954 9491 6865 5315 1207 4488 3674 4236 5908 
4702 1309 5414 4761 9873 6785 6000 8283 8683 1532 3820 7053 1523 6132 1865 4957 5860 3205 9510 9510 8739 8749 8542 9309 6692 3857 515 1180 7531 4751 8167 3311 7139 4659 8073 7011 2522 5151 5293 2284 7762 9114 9337 9285 6324 2281 5320 2184 6565 4829 2772 5303 3577 1314 5690 269 6250 6205 2528 3780 2034 1773 8171 9173 7511 7322 6184 1111 2472 2555 3395 233 2747 3811 596 9072 7171 5916 2334 4814 
745 6185 1195 4322 8578 6886 5670 4827 3090 9277 9687 5125 2128 7857 5376 9639 5178 1559 1829 7650 5194 6303 8962 7941 113 9558 8091 8363 5473 424 4255 7297 6610 5451 1619 5187 2336 8368 14 6505 7645 9701 2708 851 8636 8085 490 3813 722 3398 2541 5916 9701 2581 3857 893 2138 1947 9256 8690 3451 3511 7066 60 8962 8685 6326 2376 8131 7419 8881 6854 7119 1589 7706 6833 752 9275 645 1474 
2672 3186 7391 2372 6846 2326 3265 62 5352 3600 9832 8803 7111 6897 8863 7151 5581 6268 605 4790 3686 564 1644 1884 2153 428 8717 3984 9703 9363 5459 2374 3627 2849 5825 473 6254 9091 535 1605 2690 366 408 879 7263 349 9109 3922 6617 9714 9792 303 277 2514 3266 3510 2942 1982 7494 2644 1344 4031 6097 6051 7959 1921 6524 4212 2090 8138 5818 5859 9584 7305 6738 7925 7654 6925 2926 5350 
7717 3796 6732 9074 6310 9998 2583 9252 1979 1155 2974 3324 5187 9071 453 4224 2070 8056 8437 4161 7272 4254 1098 6855 1558 8916 5859 290 5840 9864 5640 3557 3659 2371 2630 9969 2368 6292 9220 5427 8526 2193 9830 4791 2342 282 9016 4412 8338 7452 9652 5609 2784 750 3543 5421 9666 480 6790 6584 343 2430 1219 4002 5880 4928 5049 9328 1219 4268 4754 824 7540 4583 5615 960 4865 4630 6451 4281 
3160 7182 9890 7023 7932 4511 2443 8676 4991 9234 6338 6413 2742 7558 414 8622 2485 5463 9028 4784 809 3781 5608 9428 8364 1222 1466 4307 6932 7918 8588 1170 5099 9557 8194 4109 5146 1715 3863 137 2027 200 6550 4769 8837 8044 4470 1322 4585 3497 7185 6474 8358 2792 6980 6721 5093 8447 2107 2024 6364 1773 3195 2541 1329 1388 6650 7555 4182 512 8771 6210 712 6399 2057 628 4442 6527 1950 106 
1103 9135 7659 9461 3005 4638 7260 8098 3084 445 122 526 2219 4396 3067 4627 6863 795 2181 1044 1307 951 7254 3099 7351 9312 3727 2871 6917 6756 2977 9099 5890 635 9638 9974 5274 7977 8071 9437 8422 9272 1042 640 3667 4109 5268 529 5984 7449 2653 7291 9480 9907 389 6830 296 5195 9701 8293 1950 3757 7391 8919 4392 7029 8892 744 5005 8042 1260 4505 7313 2302 5146 980 7490 1492 2588 3473 
8941 5241 1843 9499 6227 3311 6328 6523 8507 7108 5894 1535 864 3285 454 5256 1392 424 7080 7476 8466 8340 1980 6858 1720 8205 8917 9210 9697 1504 3762 9717 7825 5605 9215 4051 8916 5543 1652 8501 2650 7547 36 3514 1910 1569 9849 4381 3072 6928 2935 2617 6346 4915 9475 8066 3120 8391 7276 3895 973 2116 3611 8798 7721 2826 3927 7715 9448 6659 6216 3176 5284 7331 7769 7194 9979 7617 2653 3050 
5624 5588 5667 1969 1581 5141 35 5780 3531 8390 9676 4505 505 3286 4381 9305 7191 8309 8098 7717 4967 5392 1971 1329 2722 9740 9602 2700 8436 2254 6830 5138 7842 2496 7107 9423 7638 8221 5203 2247 7689 5957 7831 9273 321 3291 8577 8592 1599 7754 6308 7645 3145 9359 8974 6947 9098 9654 9647 8612 1907 7555 4828 827 51 3014 249 8768 1234 6531 2093 8924 2487 9925 9275 2809 3215 7852 1400 5893 
5605 8787 4616 9829 8145 4668 6775 8322 4321 7501 8012 6228 5055 2840 7055 5106 5854 8383 4952 8167 5993 7046 8169 9559 8049 7444 3446 2342 6374 5925 8235 3057 4712 3929 2885 3935 8597 9661 3335 3996 8240 1347 223 3294 5266 8357 8401 2198 7818 4431 1443 4889 1476 9613 4448 9525 8135 7894 1866 4508 4898 1179 8644 9610 5108 1528 4623 4783 2267 7959 8779 506 384 80 4880 6729 9516 3280 5 8413 
7711 1448 3301 266 2139 8828 869 273 7801 2736 5860 2698 4994 4503 3386 1181 7111 8009 7043 456 7046 5822 2042 8509 6981 6922 5237 7576 1280 5242 5988 69 7770 367 335 9909 274 1205 182 8075 5020 7121 772 1092 2703 5237 2273 892 3245 9317 2427 1370 6217 4469 9879 4276 2469 5116 2930 3749 1436 9997 4898 9206 364 5233 193 1717 7517 375 9792 3615 8575 1642 4708 1277 6879 8060 3248 1202 
8455 5676 2572 5750 144 2451 1105 3693 8646 4035 7442 81 4032 2339 366 5475 8652 559 7192 7247 2013 6983 1941 1666 9704 7728 4023 6582 5787 7271 7784 5321 2946 356 1070 4170 3886 3254 7863 2531 7290 6383 3691 1321 9802 5136 6796 9532 6774 3987 7857 9866 2048 9798 1532 1751 8604 5555 9412 4391 3904 8274 790 6851 9709 2939 2099 3594 6194 1040 6125 3483 7423 895 5883 8303 6031 2678 7834 2805 
7744 6770 3749 870 6567 5281 3700 5171 1914 3111 640 5819 2463 2509 3748 2172 5448 5847 5766 1641 7966 2970 6203 6467 4944 2085 4770 974 5842 2603 4858 3585 451 8608 5534 7019 4967 9234 3268 6882 3423 4987 3779 5887 7496 7527 8059 2943 4452 4903 5664 2417 8952 1866 8884 3895 3952 4732 5949 9794 8415 1885 4458 8866 1571 1070 5884 6539 304 230 4499 4806 5217 9357 692 2712 6883 9830 6735 2413 
5812 2398 5909 4763 5343 5871 9738 373 603 5686 1246 9018 7571 5704 7883 221 7853 4846 7839 8157 6155 3416 4042 2451 2772 4734 6242 9655 5643 2976 3146 1454 6453 9055 6217 1796 6004 5954 2169 6607 2718 3415 6703 1368 197 5665 1589 8051 1589 9428 7286 8823 2843 1327 1273 6694 7141 7516 7427 2783 491 572 4237 8024 705 1532 9820 6709 8566 3067 4395 1283 7562 2176 2651 7759 8920 5319 6888 508 
5825 4174 9332 9747 6580 604 6440 3720 9199 3866 6503 769 4438 1818 8793 6222 3351 9691 4010 2995 2757 8405 4278 318 1659 8009 9157 579 3327 6044 2166 231 1296 2576 9978 7877 4260 6418 2675 3458 283 257 4227 5801 2075 3019 2022 6505 2709 6032 9500 6546 5515 4857 6864 7175 2865 7099 8833 7271 3143 998 7502 4439 3575 8559 3394 7835 4976 6070 2371 6338 6327 6599 2138 9481 9618 5240 5986 3406 
1271 6564 9952 7866 1420 7894 6119 5364 4993 4951 3714 9215 7028 2294 4732 1681 852 8127 594 6907 5275 2966 3245 2680 9565 5383 2160 260 1701 9225 4745 2973 5789 5775 1917 8288 3669 8036 4731 9741 4065 8445 8955 2171 738 3686 3853 2670 2891 4447 9577 8166 8492 2821 845 9135 9284 4085 474 984 3309 5219 5036 9098 994 8032 7386 5742 7146 2116 5482 1210 1639 5515 4461 3456 279 8314 7205 3171 
3839 6782 2415 3410 681 4340 2544 1043 8425 3018 2028 1733 9317 8143 1910 310 6175 374 7131 3320 2490 3691 5610 5208 9206 70 9743 563 9463 6948 3734 4380 3729 7229 7790 5489 1568 1413 6533 9993 4431 8561 2804 3747 7782 4714 5136 5035 5088 3345 8356 8657 7036 5044 4943 7320 6193 4686 7884 5655 1633 2696 1113 5362 9925 9983 850 2571 1395 8462 3642 6905 8101 6447 1731 5883 2239 7946 917 7328 
1291 351 7063 8327 5395 2006 6726 1587 6692 4609 8321 8325 8384 513 4765 9388 495 6694 1958 2969 5156 6680 9874 3256 4205 1604 217 6444 9551 2214 4850 841 2565 2992 246 9040 4998 6972 1705 2768 2659 26 1092 2122 1618 6936 1509 2113 3629 4546 5082 9864 1225 4955 4199 5430 7639 4416 2953 8268 6630 8882 187 274 1873 433 9314 6871 8485 1018 9639 2222 2123 1809 4344 3741 9824 5853 6933 3453 
1478 2014 4395 3782 8049 8594 291 6766 4089 3244 5033 1797 2125 5220 2071 3999 6732 2463 1948 5216 4561 2666 7439 7763 5554 2861 1504 5378 9794 9516 8831 1271 2609 4304 5053 657 3977 6423 8502 8066 9667 3534 9863 2871 9833 3013 7949 6564 6555 975 2859 1115 3641 1376 8879 9196 4237 1461 4573 4030 976 4482 6380 3585 8786 2512 5321 3841 8935 3822 1906 9681 8435 2848 2551 8267 5861 1578 4831 3494 
2553 8769 4610 6195 144 4567 6469 5460 6028 1041 569 8083 6602 6949 1668 6466 539 8068 307 9475 1890 2213 233 324 6140 3863 9671 3079 5441 5580 6574 7994 4348 1183 5267 5571 6829 1735 1030 2856 3855 1599 938 456 9628 3685 8002 1245 1753 8309 1798 4722 1600 2031 6125 8820 5894 5795 1898 1334 1374 8472 407 6801 733 5674 2371 7562 7410 3402 1496 2343 6080 2435 2800 5707 7199 1880 8032 8952 
188 9830 4752 2867 1861 877 1686 8834 7751 4664 168 9126 3135 1654 5926 4948 7328 8298 3588 5816 2778 5085 8160 8858 8599 2038 5644 5797 3918 3675 5828 5185 3504 579 9131 6444 2535 817 5278 286 5481 6525 490 9695 8179 6416 5721 6585 5792 9310 2401 8570 4394 1639 8507 4071 3677 4150 9868 8674 8904 6774 3858 3486 8433 2988 1009 967 4884 7366 2332 1443 3890 2822 1138 3147 317 7938 9732 7188 
7247 3211 6837 2719 4850 5343 6790 9606 571 7737 8279 9475 5589 3215 4039 4021 6204 5048 6068 2166 2413 8400 3610 7382 2301 5827 528 2618 3764 1339 9806 1011 5629 7721 4809 1558 3063 1599 1163 3634 414 521 4187 7082 3736 9306 1103 9940 4353 8250 3185 7846 7728 6795 5227 28 2621 6835 3725 6385 8174 4610 7396 4881 2330 3284 6439 5394 4883 8682 106 6376 9203 5373 3457 2938 4678 5639 3957 109 
3888 7142 7955 1616 3936 3182 2723 7636 16 6449 4020 9269 2137 2495 4149 4467 5779 1667 939 1740 348 2125 9195 629 7498 3730 3567 3254 9370 8603 3363 4336 6823 1318 7031 1837 5579 9755 9473 5595 7282 4572 5942 9419 7067 1169 4964 3924 2836 5904 6743 4263 8029 5937 4892 5526 745 9539 8780 114 8141 3221 5530 6043 4539 2560 7880 117 3393 7353 6791 1753 3003 3811 2250 69 4981 7215 5072 8896 
3118 2893 3159 1146 8830 9130 7751 9575 8668 7609 768 7888 1908 7377 3930 6448 1015 1809 7644 5488 240 5514 7241 3243 403 9492 4391 5384 7785 541 5359 902 3434 8518 3127 3342 8726 1956 3996 7394 643 5843 6360 2551 3219 289 77 4234 3177 8801 9722 4497 4314 8042 8819 4717 8612 3210 1180 6396 4830 6539 7298 8265 6135 1503 1606 4860 3459 6681 3332 5181 2523 9692 7732 5742 1059 8889 1055 5316 
7689 776 9813 3081 9897 8631 8877 8508 2919 56 4903 8829 7674 2200 7093 3808 4782 9778 8669 9320 6459 3079 4500 8982 2771 3311 5803 4909 2199 6858 224 9888 8713 1115 2968 8610 825 1844 7117 3744 2980 2020 2572 653 5299 743 4462 1160 521 4209 479 8059 7288 6059 7040 1137 9370 3921 6047 2647 778 6271 3613 9492 8466 7660 8101 9291 582 6296 4113 3562 9395 7765 5295 4694 8508 835 5854 107 
6123 7412 8166 3410 3470 6285 5627 3918 205 1673 6565 2063 9023 177 1554 7488 7837 733 7857 8420 8108 1970 3060 7503 9735 8355 2196 8242 9190 9129 9429 5312 6540 8673 9802 1089 4957 6507 5007 6242 9259 2651 8305 8281 2828 937 6848 1744 1670 4704 1242 9778 6674 4302 8359 7487 3736 554 6808 4004 761 6236 395 8381 4908 1275 9470 944 7782 4476 8265 7040 7127 6569 6399 1034 7506 4325 3857 254 
108 5099 1110 7861 479 9470 5348 4215 1102 2155 9299 1864 9470 9694 1323 5456 2047 792 6400 9829 6347 4664 7947 4553 2311 5424 5587 895 9750 522 2228 936 5621 4418 8797 7179 4966 4144 2473 6068 7378 1771 9011 6847 2543 333 3382 4590 2204 9782 5497 8552 5525 4522 3104 7836 9946 9770 9811 773 1370 2038 1709 6991 6456 506 4169 1421 5729 7721 8569 4186 9492 8658 2111 3113 70 5493 8782 2274 
6354 4278 1904 1878 9879 6087 792 903 6935 602 1676 8305 3720 4465 5295 1254 6050 543 3755 2857 8264 3402 7043 8835 2059 9155 1947 3208 4647 729 6562 1000 6086 8466 3957 7044 4553 5829 7947 1487 7510 701 871 1229 5166 6166 2484 1215 7788 7318 5152 7131 719 2194 7044 3857 1348 8991 7066 7075 798 3627 9154 7964 3171 4190 5007 8803 18 2953 1369 7528 4733 2240 9837 9900 8406 3399 2193 7273 
716 7345 5482 2514 9540 2525 6371 1966 2594 4515 119 3393 8142 352 2435 2392 4542 7442 1194 5639 1473 2563 4245 6206 4803 4081 7184 4288 7480 9378 2639 9275 7801 8121 1788 8419 645 8160 1464 3239 2674 1583 7711 1895 3014 145 5366 8635 8666 6560 4273 138 9124 8519 7424 5005 3678 4607 9293 1158 3984 1931 1511 2864 1130 3300 1282 1775 2538 2746 6094 6291 5409 4883 9265 9502 5029 4630 8137 4773 
1190 3488 4912 1392 2006 3414 6397 6764 8021 6769 7922 3084 9779 9433 5948 909 3811 8309 3763 7428 1055 9857 3719 7543 5819 2983 7044 1926 8693 6259 6699 961 9748 2689 2353 2832 6103 9829 9596 4124 6597 8596 7208 6376 9108 4234 8364 2918 2542 2126 1425 4676 3062 5144 3297 8881 9206 1420 806 7898 7679 7505 8859 8505 194 2290 1337 7376 2119 2011 1499 9795 607 9786 7249 9715 4019 5612 3711 7641 
8818 5136 2316 1879 1358 6693 759 564 8113 2644 9541 5791 1227 9479 5375 2500 1768 6712 9877 4966 9802 1375 4761 408 2240 3088 1201 7338 8701 5992 4978 7518 2206 8374 475 3565 5066 2313 5208 3178 4957 5827 47 7263 5305 6501 9764 8153 3212 9640 4197 4093 2093 36 4501 5412 3125 6782 2750 2904 2773 8807 1500 6058 7180 1975 9623 3324 5367 5909 7581 1402 1736 7629 8665 8120 5208 9507 7351 9500 
9146 2627 3592 2318 2663 8093 7730 6867 5953 1558 849 9805 365 2349 5863 8624 5403 5485 1948 1848 2473 9529 3250 5288 8236 2994 4486 3444 2500 1837 2943 1646 5543 6535 5043 9285 5706 2772 6152 1659 5410 8080 2542 5775 429 8405 4398 6911 4969 6346 9839 7442 6954 3088 2729 5189 6082 7215 9712 8583 130 2654 1307 5673 267 7429 4958 7053 1279 2188 9791 6689 267 2332 2463 1775 737 7941 9766 5706 
5365 9604 3147 2318 3770 6955 7508 9853 5248 8298 9514 6458 952 1899 2130 2298 406 8167 9351 1685 1433 9141 8375 2780 1473 1916 5634 2210 9857 5399 8995 5222 6081 3220 7540 9852 1253 6126 782 6501 4424 1374 2958 6455 3273 6168 8753 3679 5413 9183 6443 6847 8323 4817 705 874 7813 6339 4163 7669 1738 3157 3969 7819 7456 2588 7670 8709 9793 9531 5210 5295 904 9247 1749 4177 6493 1581 8935 1906 
1842 6457 9832 164 1273 536 2118 164 6875 6281 8913 9692 517 2881 8590 7973 6548 7338 6682 6341 6869 2970 1635 7773 3295 4464 3029 9789 7124 3042 1694 8966 9499 2604 9130 1851 3140 2326 3094 1093 8608 2006 1864 9125 4888 1532 8176 2514 8870 5936 8855 6817 9985 1569 5669 3280 6033 8698 3068 3156 2818 5841 2121 3396 9524 2329 6326 2663 4656 9420 4835 3263 1426 7778 3466 7393 9310 2720 9907 9259 
8657 8762 6075 8641 330 1743 2999 7442 1519 7146 597 5417 2986 3797 8813 2509 6126 5138 6251 1860 4557 2165 6202 7062 1021 746 4454 331 3467 4361 668 2123 4201 7822 1842 5610 9566 4842 3051 2163 1987 4727 8659 6053 9603 7471 9641 6807 3687 6971 8668 9324 9136 5948 6385 156 6695 839 1566 161 6279 2234 3363 1558 56 5205 7168 700 1125 1297 3942 4192 7103 2601 244 7784 1150 963 4590 5917 
7934 4336 5240 8148 284 2703 9384 6979 4621 2028 8219 899 4263 1581 3536 5398 7865 703 7177 69 3079 2197 4261 1260 5877 5584 9044 8107 6547 4713 4023 5560 9049 9263 3707 411 3044 4169 8469 7666 6198 6687 9644 1539 9347 3180 8016 8291 4962 5192 8360 8042 8468 2620 380 4345 9283 9425 2451 6908 5216 7553 2467 4264 7894 7254 5755 937 2501 4223 8603 8699 910 9326 237 1335 2505 9332 9626 7467 
5602 7985 6587 4070 1683 8047 9494 965 8550 3023 8953 3765 575 2498 9108 8469 9752 4862 9406 2253 9086 9088 2030 9996 8413 3347 1330 1996 2678 2035 9463 8281 19 7129 2350 2782 5175 2922 3747 3724 5945 3778 7489 6520 6277 6596 6067 7107 1458 6551 9360 1622 5638 2469 2696 5129 5816 4026 7125 8494 6061 7667 6774 7160 4795 202 9942 1048 3124 4767 4772 147 8546 3339 7746 5901 1013 3812 3007 3550 
363 3446 5172 7080 5915 7868 2209 1730 2973 412 1302 112 8079 9156 8351 3952 9358 8292 5000 3561 4138 850 3708 2683 5268 2533 9663 7361 6345 2669 910 6708 6115 7162 4867 2029 5029 8155 3759 9081 8567 6141 9194 7725 5296 8623 1676 5732 6915 7756 9293 1052 9685 4080 4814 6032 6613 4476 3392 4036 8224 5381 1823 4339 2542 6690 6368 8651 4844 1206 7731 4489 7347 8003 2213 2642 6626 4969 9453 4619 
3803 8746 6750 4566 3904 1563 1676 1595 7118 5068 5631 5341 449 7454 9680 4070 5222 7127 2720 1144 8333 451 5634 6758 9533 8926 478 6158 4973 9931 1855 8776 9755 8605 4421 4737 167 6097 6332 8364 1165 3042 4784 2693 1574 5542 6763 6797 2668 562 7941 2079 1013 4653 9916 1624 3579 1472 7783 8552 1403 9638 8407 2236 9322 2827 6974 9489 2 4384 8932 2246 8505 4794 4939 79 335 2781 7955 4083 
3343 6974 7241 5435 1627 7157 7059 6285 8629 5920 5915 1110 6637 4321 4426 5958 8227 2478 6525 8230 7941 6535 475 6446 1328 6494 7604 1664 353 5558 6826 4775 3610 4066 209 6316 2301 8347 2600 2009 5346 9595 4198 1982 4994 8624 9019 3221 2180 5543 2529 121 2078 4083 7646 4485 1655 5249 7228 3087 1885 4053 7862 5495 9199 9150 2890 1499 8576 6569 4587 3921 6163 8786 5903 1157 8488 4921 5457 668 
1542 9065 1868 3620 4226 9514 9185 5882 5841 6412 47 7726 465 7910 4299 9664 8138 7189 2241 6713 3758 7908 633 9921 7772 7615 2156 6259 3614 8692 8006 5157 7756 952 9856 1982 465 9040 8943 7385 5452 68 5110 6996 7978 9410 7738 7195 7677 1057 3907 1434 8965 5620 2434 6736 4313 4590 4074 7928 3282 3158 4163 2116 4111 4018 5177 5655 4137 4119 3040 667 4188 8150 7663 3244 8638 6479 1517 6315 
7536 6504 7749 7580 2123 1261 5394 6436 5852 9468 5442 212 2626 9605 2328 7816 4702 7506 3470 9918 2703 7589 584 7970 6818 9326 2293 5455 6883 3810 2848 4418 1392 1676 3076 3515 2937 8471 1030 9868 9017 7551 79 2721 7156 3487 536 2936 992 5086 2853 4774 2674 4516 3823 9492 3841 7195 6026 723 2083 8874 6220 3476 1628 375 8070 4566 8846 9100 4433 8941 6651 4513 1662 4885 8000 3277 7821 70 
8363 1752 5923 2116 6268 824 2686 108 8019 8712 1910 1181 8665 9209 4657 1371 9584 2726 5937 9508 2905 1449 8449 634 7041 110 5519 6119 4466 4418 7268 2829 6170 3190 6024 3516 5094 8710 4703 4191 8501 6613 5372 8244 5821 1107 9615 6484 3834 6631 5991 7818 8080 4439 8452 5120 5628 5049 1238 94 545 8506 4002 7794 2774 1104 1309 8947 9814 6012 3138 9393 3703 8510 8715 602 9618 8330 7086 4530 
6039 4156 3426 4118 8595 2956 316 5302 9084 2633 6475 9629 2217 1555 8501 4991 2659 9810 5017 2472 6900 8155 2944 602 6664 1658 1204 7360 1066 9370 2968 7105 3525 6394 1222 2119 428 2617 8500 9512 5250 6053 9140 7467 7608 7640 3537 266 8528 8554 3818 5427 6708 6762 6029 4450 9499 8313 2889 565 7682 5857 7670 1206 3330 9972 4404 3758 2588 3983 3270 7839 35 3488 6384 7644 2207 9921 8989 734 
9553 2806 7241 6260 646 4348 1789 145 2660 4678 1789 1420 1613 9459 2626 6022 508 8110 9781 3097 2092 4129 2014 2127 8696 9477 849 902 9398 9839 2716 8950 3723 9957 6289 4370 4304 8078 5594 8044 3834 7383 9464 5447 7920 3169 2548 8429 1278 2328 2604 3370 7536 5697 6576 7310 5173 8505 8213 5649 9422 2007 4599 3144 1963 1966 8593 7346 1122 4186 5389 4956 1568 4853 1481 9489 8022 4029 8996 378 
7436 1599 4827 6050 7296 2481 3360 3547 985 1572 9197 406 3579 4874 4630 6621 6840 3222 3966 7962 7409 434 3996 55 6366 5477 622 4387 585 9618 5844 8021 2295 670 4071 669 3151 7431 4217 4137 81 3413 5622 4739 9366 251 2438 6205 4553 7483 5245 1961 7917 9241 3095 4282 5796 3718 9748 6381 3335 5591 5481 5631 7340 630 7379 491 9140 1595 5707 299 6087 2407 6117 5452 3738 8555 2735 8291 
6037 7980 251 3954 8299 4425 9315 4095 8143 9063 1554 1478 5732 8114 8188 3072 9823 6645 4642 8962 8241 348 339 5406 3834 6456 858 7572 6089 3593 5862 2126 2652 7192 7159 950 1617 7552 6124 9760 6614 7679 2316 3425 6871 1582 6497 6694 8228 2217 6734 7547 2565 7074 2952 7478 4608 4889 5050 697 9562 1990 3902 3292 9183 1060 4242 1878 9691 366 2716 6305 9124 5033 808 5994 7694 7305 2687 7000 
9522 9422 5625 3165 7574 9657 1721 2181 4545 6771 2878 5185 8762 6780 9556 9023 8919 3798 900 8610 5243 3616 5993 4366 9728 6801 1438 7422 5184 4126 5500 5784 4626 1125 27 2199 781 1748 4380 6405 9599 8338 2669 8360 5117 2224 7382 5115 7101 9361 4803 2343 2976 795 7788 3783 8675 9227 1204 4937 4431 7783 720 135 8908 1826 2334 767 3574 7793 7173 4251 6130 920 2610 2326 3144 1070 7441 1324 
1509 2243 4746 4486 4117 2534 8269 3870 2839 551 8807 8349 8334 605 8484 8321 2431 1896 166 7084 9689 8418 1335 6898 9338 5024 9224 3561 7174 7743 4885 8683 9986 9631 3168 5181 3243 2515 9051 7161 4145 7857 5509 3558 8462 3992 2957 1971 6967 3123 133 6656 1541 1468 4632 878 7572 3855 4439 4745 1597 402 3427 2661 1112 7675 7842 5434 189 7971 2595 5414 5827 8104 8972 5367 3175 1928 7338 141 
5051 8550 7876 7671 18 2507 8550 8669 7441 4067 3413 116 5549 6840 2777 6661 4514 1697 2094 5783 9668 5768 1196 6573 3872 1246 1939 8126 3174 355 9346 9304 8906 7222 6975 2 807 6603 8671 9328 1748 3162 9444 7297 1 3300 5036 5595 4997 8210 1377 5744 3977 2573 2316 7849 3819 5335 7053 8072 6769 6399 8454 6753 4699 6507 7834 6585 3109 6504 5912 4858 744 6435 3233 746 9735 8270 6341 5810 
6479 7718 2632 1534 1369 6028 462 6267 1362 7515 5417 9210 4992 3870 5963 9691 377 3796 7355 4565 1379 3266 501 2123 779 3735 3948 513 3083 288 7403 640 9085 34 2174 1532 6062 2636 7799 8503 151 3215 7713 5143 8165 3675 5913 9621 8550 3267 4185 1007 7612 4687 3131 8392 9501 7079 8905 2583 8447 7386 4302 7531 7421 6476 9064 3482 9113 7941 1985 342 2235 776 6564 399 5530 2476 19 4079 
6822 5283 5087 4434 1048 9297 2825 548 6375 2808 4210 5900 194 8512 4510 8694 6067 3573 3254 5179 2592 5239 6600 4827 7094 3163 5226 2623 5640 6324 6703 3540 1607 2868 7974 2655 2164 1877 3204 9618 5765 8493 5518 7038 8084 27 5731 4150 4679 8985 407 7271 5303 7007 2098 2396 169 8403 5020 6888 4727 2801 428 7413 5669 8402 67 7833 1358 4350 7450 7123 2843 4046 4160 2005 4073 9891 6155 8752 
9954 6562 7102 5256 4647 278 8732 4816 8681 3751 1704 4486 7631 3211 1898 3299 1612 3045 2210 2970 7395 9660 1171 1316 3706 5331 3321 8858 6300 554 8689 6254 8195 5790 2588 2841 6068 1319 8737 5827 6149 1519 1392 3779 4730 3290 7078 6342 7414 9288 391 4809 26 2641 7204 4811 7973 525 3668 4272 2158 2356 1604 1432 8146 4193 5352 5292 5512 4088 1119 1661 5607 2511 5440 336 6880 2518 7758 4294 
2884 9228 181 2910 1868 7385 7721 919 8989 2468 5192 1147 4824 6796 2579 4049 988 7931 9341 7580 3098 1538 9241 8705 4049 4680 120 2008 8277 8957 7381 1161 8184 7562 5150 1130 6025 3950 2050 5014 6418 8321 6161 1241 6195 9819 6369 8263 8828 5710 5842 3004 7248 5082 1709 2376 840 2908 5463 196 1864 2843 2436 1126 1483 7586 3335 7508 1535 6464 2521 9032 4784 9761 1352 2058 657 7721 320 564 
4509 6162 3568 2836 2322 6356 5212 3162 9264 674 3358 2206 4596 5794 4411 7158 4459 7747 4665 7073 4210 7187 6105 73 8026 8536 2131 8684 6256 2451 9248 765 9692 2815 3601 2013 9172 9892 6254 9514 1644 691 2799 7319 7564 7210 4476 2022 6035 9141 174 1324 7406 6279 1397 6511 5893 4607 5194 2148 8137 5520 3992 8907 9414 8672 919 9664 9642 8252 9178 2364 21 3055 9683 7586 264 4158 686 6300 
4378 860 7624 2862 7139 99 9373 3031 5785 5645 6259 3921 1164 1329 2827 1657 1080 4825 1320 721 4155 1576 3086 4177 4631 2768 1762 4896 8006 2448 2274 2383 3309 976 5245 1526 2154 5697 5637 7939 1341 2974 2938 2506 4303 6844 4163 6462 2747 6562 7184 6902 8139 1348 2157 2769 5195 4998 8744 3200 8526 2096 6662 2913 3072 2986 4439 5226 8683 1154 4243 23 5207 8260 3608 589 5103 8850 7051 7850 
5412 5313 5831 3550 6661 9067 7398 1856 4065 7221 6135 2590 9317 2797 5503 3468 6862 1020 8694 6623 3254 4016 6646 8461 2275 1333 9050 7379 182 7180 6307 6673 2492 3216 1301 9154 2283 8700 2088 7427 6999 8223 16 6315 2098 6598 9783 8960 8697 9556 5582 1950 3571 3307 1490 6925 4640 1618 5382 5901 8798 2768 2574 1290 5984 4954 1522 9346 3653 4689 6772 651 2911 7867 8046 5010 5543 7828 5048 4240 
8462 630 6190 3111 5016 7680 36 734 9299 5418 6635 9175 8186 287 1543 5249 5242 4144 4594 9974 8833 2445 1704 1744 311 9750 7833 5855 8656 2880 1173 8197 4589 7363 1307 9605 6122 1343 338 6499 7841 8053 6752 7105 9419 8296 2353 5739 2439 8027 5713 1272 471 8496 4095 1861 9324 3006 8795 7979 6965 9968 6175 1554 8410 8562 2237 5610 9905 3655 3187 8824 2786 9939 5929 2204 8234 9361 7944 1752 
7387 4735 4103 8937 3230 9277 1877 2553 2282 671 1610 9247 1718 8865 1879 127 7426 5196 6816 8409 8851 2 7233 2715 9941 4240 4919 9254 3600 3941 1005 2066 9755 6187 2081 2984 5463 3958 6616 7745 5709 8227 8070 7427 7091 9950 8633 5595 5145 5448 4003 5074 6529 2314 7789 6469 6554 3786 6801 1233 7728 8885 3299 8561 5071 6459 1545 1612 417 8161 9357 7205 7466 7427 4631 5635 8455 4342 1229 3599 
868 6312 8673 7397 8626 7540 4944 5180 1325 2824 7492 131 1708 790 8693 7859 8328 1316 9471 9824 555 8828 7028 8022 7333 2737 4735 6866 7079 7044 464 9026 3355 215 7501 1980 8834 3524 8239 158 6348 5730 1369 8056 7599 61 5914 5927 2456 5385 5750 3011 5291 3857 2111 3702 6594 6847 567 4752 4969 2110 3777 8324 3404 1278 1382 2237 5881 9622 3474 2228 6430 4843 283 4029 5983 7277 1034 8439 
3740 7863 1450 9031 1719 4640 3811 8314 2565 4378 4144 7534 6488 7921 5857 970 277 8319 3207 6158 7940 6681 8386 5448 2603 9749 9477 8586 8104 1589 8104 1843 531 632 873 2250 5272 4684 1642 7838 140 5786 5371 7707 4786 2307 8677 6142 625 2962 2300 9644 721 1764 5091 3324 2591 5647 1910 694 8315 1092 2537 8846 1724 4489 1096 6996 251 3817 5912 1470 682 2362 9177 5468 5748 8932 1609 6373 
1893 4988 7095 2615 7832 2185 7018 1501 8911 6 2196 7226 1098 5812 7150 2822 1380 8246 897 1631 3142 6809 4181 3824 249 3357 9292 5997 3368 1979 2369 5261 8047 542 8955 5878 3807 5973 8458 2717 5979 653 1021 8157 7545 8172 978 8925 7496 1875 1634 637 9764 5815 5540 12 251 5910 7089 3619 7890 536 9959 7015 1079 9993 2892 4886 5965 2428 8682 3022 4161 9704 1178 1705 8954 3236 1708 6449 
6190 3342 8166 7032 9158 3705 7045 487 9616 4133 4106 8584 4669 5143 5598 6827 5135 9569 1712 2178 1996 394 5201 6157 1176 7458 7862 129 1772 9570 7657 7963 3991 5822 4994 4227 9528 3117 4714 221 8329 9899 8805 4077 5041 4402 903 176 3970 3695 2354 7045 5168 8634 3202 6344 7171 2142 7552 8943 1712 5208 6905 6782 1030 2978 1008 1636 6095 6801 1857 5503 6699 1740 9580 1739 7221 1561 2994 1190 
5256 6428 8235 423 5061 2515 6767 2231 4658 4318 2253 7449 605 236 4230 1635 3214 5238 4350 388 3117 7286 5891 9816 9026 5470 2633 6246 7031 5628 8515 3366 2055 7828 3789 8195 343 1635 1505 5001 7032 3758 2449 7637 3994 6679 9272 7209 2995 4700 8676 6112 1985 4566 5927 1010 1114 9639 8335 8145 5266 6849 2589 7321 4677 6379 5516 5020 8014 8100 20 5045 1857 3548 2682 5851 226 3032 4138 4300 
7733 3892 411 9718 8458 7417 1807 9572 7055 141 8796 3400 8070 1384 1799 2746 8842 8394 8845 6855 6493 8865 2979 8350 2412 6740 5280 3717 850 496 8017 9662 4389 9507 9380 2846 8002 2265 3497 5056 3485 3371 9535 1554 4755 1334 4300 4676 9728 3144 1530 6221 3087 5588 4570 6578 3406 928 294 4257 1425 9390 3918 5814 8896 4376 9739 6897 6641 4314 3032 126 7685 2566 2759 3519 4979 7060 8195 4707 
1282 803 927 4370 6392 6576 2026 9798 8584 3400 4054 8 2789 9052 6901 2764 3427 7718 739 1147 2032 4850 2352 9717 8496 5111 3235 3474 3249 1429 8181 4532 2233 186 9981 9704 7842 2006 9501 6425 6485 4634 7512 9275 3685 4412 3117 8191 2129 3856 9338 5240 9786 1689 4957 8281 7880 9271 1754 1128 1779 1014 5660 5091 1200 6719 4794 9042 9805 5373 6545 6289 1085 4056 6642 4770 9547 9759 4040 2755 
4694 3377 7995 4479 6146 4030 2759 4025 3301 4513 6232 6159 5527 2971 1249 7807 9690 6043 7927 572 2494 4472 6862 3580 8528 3503 9429 8075 4341 3468 1908 9035 7925 9903 3513 4070 3933 6272 9174 8313 1863 5405 4471 8470 9455 5720 6276 9145 2841 4202 9717 6414 9753 7657 9994 8281 2239 501 7434 6580 3969 9342 5614 1893 322 9127 7042 5334 6477 6215 3646 9419 2699 9196 7888 2153 5994 5242 2376 9914 
523 3172 6328 275 828 7400 9635 3067 7901 7068 725 1870 7488 6339 4842 8890 6544 1884 4223 4099 8099 7870 3518 1876 8144 2484 4030 4138 8806 6406 4051 9329 656 1457 682 1485 8858 317 5631 6758 8464 6357 9707 7031 3774 4549 5920 318 6433 142 4417 5610 9091 9014 7487 8314 1498 1516 2451 1382 9001 7581 1789 9658 9039 2471 2221 7896 2788 8931 5732 2331 5287 6518 9362 9062 1066 6360 458 7499 
7581 5954 4187 7751 4968 1673 6064 7545 4268 8515 8927 4348 7174 715 5084 6212 4265 8384 5186 7054 7314 918 463 3680 7436 903 3820 9581 7263 4278 8158 5922 231 2344 3672 5199 4018 9736 3822 9365 9329 2748 3712 6503 4542 8796 3793 8808 7179 8980 6940 5572 976 8482 9252 9491 9385 3071 9071 7726 7349 8307 3647 8659 650 8399 4937 5747 8134 8759 6191 8542 2586 9903 6123 8207 9778 9916 8093 8035 
9974 5032 3606 949 3513 2857 1518 3976 7007 1667 2780 4355 9974 6428 4093 1703 4826 9030 8529 4038 8867 4719 3658 1452 4622 9781 738 5478 775 8831 3512 748 3863 8198 2777 8455 1054 5374 3510 8062 7042 6290 3495 8094 3796 7588 9797 9701 7696 8326 3739 6563 3044 8476 9094 8745 8257 9832 4222 110 8663 8814 1937 3604 7011 4714 3137 9144 1167 6647 7205 8209 4016 1779 6302 7812 445 7178 7513 8142 
5503 2330 5783 9626 805 4876 8371 140 4708 3671 250 3370 2484 2188 8053 573 7981 1189 9718 9148 8916 8001 8435 2931 9780 4737 742 225 2993 9334 9446 8496 2742 5228 8121 4627 103 7570 4767 5890 1241 6097 338 4804 9364 8391 5378 7344 9581 5095 7571 8496 3095 7084 2505 3954 2899 3247 5258 5892 3660 4703 4387 6402 1009 3587 1028 2191 1156 6875 8082 3476 2971 8420 8281 2334 6811 4737 756 7470 
910 9406 7044 5084 6490 9549 9038 9389 3874 4295 6360 7534 76 746 5015 2164 5412 7122 4356 6569 3996 3516 1123 8046 1935 9404 1458 9825 5219 2215 8373 6129 2699 5416 1213 267 6043 250 735 9918 5625 7095 8530 6780 8920 3544 23 4332 666 4379 1979 5741 7895 3102 3787 908 3585 5245 1812 8804 8539 184 4933 2317 6680 6146 2584 2722 7475 4398 2639 4178 1492 2248 958 1491 5792 2060 5823 7537 
6439 7802 4357 5412 1982 9223 7399 5567 4467 9211 4371 4085 474 9304 7481 7154 6528 1143 954 4002 5542 4673 8181 8113 6921 217 9604 2712 2277 5426 1328 9795 4306 5685 6285 6289 4907 4762 1855 452 5052 7305 5616 5526 6608 3096 3758 4214 4240 5791 8217 860 463 7476 8973 7384 7693 8577 1175 1048 5081 3582 1921 466 345 8206 7834 6331 2967 9689 7862 8019 8073 3478 4623 5759 7653 9460 9974 2971 
5251 8190 3831 5714 5665 3883 4177 4436 3538 5352 6563 8619 12 8484 9085 357 6689 6918 6688 734 7686 4549 8754 6837 9106 4455 2595 7838 3915 2568 1887 9166 757 6798 5958 7501 680 134 3015 4218 6565 9578 3915 6577 8061 4079 6934 4749 2075 4700 6563 9761 328 6395 6597 512 849 9193 8350 4764 2839 237 5008 3597 8114 966 1097 8794 1100 4113 4090 7666 4769 8005 4242 2830 3162 2255 8658 5238 
8034 5220 6077 8362 1614 3753 9954 2464 4024 8303 8307 6863 9619 3315 459 7732 4281 2636 7604 6460 7828 2772 4125 2596 1856 9447 6505 5018 2780 5163 255 813 382 7412 254 3076 1164 207 5540 5188 9589 3846 2050 9208 8240 3589 8018 2520 7304 6701 8981 6210 551 4184 8806 2407 4709 6390 7426 7489 1552 8760 8303 3013 6171 9636 6089 8414 9843 2707 3601 9431 7633 6731 9717 5872 319 8814 9472 8702 
6593 9531 4911 7144 3714 4795 9552 8424 1184 8056 6991 2736 6815 5293 6829 4065 6007 2917 2478 5849 5625 7159 6359 4336 3889 7154 207 5287 5967 757 3988 2559 287 8899 9704 4002 3693 333 3504 5957 8389 494 8693 6282 6867 5521 1425 2873 9518 4983 9802 6221 2141 6160 556 7109 4392 763 2395 359 1521 7462 3997 2887 7439 4779 6889 2210 5112 1471 8167 4579 1966 6860 1940 9912 3459 4444 2784 4055 
9427 3664 275 2646 902 831 9755 5295 2674 3228 5654 5274 689 729 8161 8128 5509 6129 338 1699 7600 8505 7358 644 6443 9298 555 981 4820 3340 5036 4247 8083 5312 6893 8986 7222 6648 4280 9896 954 1012 5169 1644 1741 3330 850 8329 9459 1188 28 7058 772 7386 7703 8294 7762 8258 353 3660 2676 6469 7907 1838 1780 5879 823 9002 3605 5103 9977 4559 6115 5145 6203 8935 8475 7054 7264 9012 
9321 8371 7149 1171 6835 4851 544 5675 4187 897 9335 7943 7366 7242 9781 224 3120 603 305 6725 6785 281 1283 3978 6505 8566 2912 6059 6698 1254 5070 7097 9625 2218 8269 6459 8148 9892 2133 2335 1867 1468 1356 312 9789 2215 1615 3987 3897 1920 711 681 3280 3073 5738 9786 2717 9729 5844 9415 983 1992 6512 1686 4211 5859 8146 2358 6829 1357 5772 8696 3904 7128 9008 3692 9343 623 7679 3239 
3622 9469 4999 6903 3621 736 7767 7417 1544 4689 6832 2527 6681 4422 5292 891 1359 4516 4329 8188 5874 100 6883 856 8308 6970 5628 7650 8672 3306 1968 2293 3854 8046 274 8554 9862 8041 5970 1405 3808 3880 5011 489 9381 302 2459 1818 4819 7867 1084 1771 7968 7968 2627 6275 6016 8255 5003 4687 2640 8050 6980 7573 7175 8334 7205 7036 7453 3174 9520 1261 8134 4530 2829 8593 5911 6367 411 729 
4234 1495 3579 3280 541 6207 9555 7636 5540 5636 2322 9259 4765 381 6831 1939 8715 4035 8975 7246 8289 8494 8507 7501 4102 2414 6093 12 8782 7583 742 4094 9079 5400 7374 698 1606 8007 8335 8226 4721 1735 7484 9486 2116 4315 1424 1909 9429 1477 234 7717 9971 8741 6296 4072 2234 2389 4085 2094 9972 5906 6188 128 1305 4640 1906 3991 3725 240 2216 8446 3054 778 7932 6250 5093 434 8159 5601 
1912 8393 4396 2961 8213 692 7034 1525 3081 2197 3619 4131 9182 885 4260 1565 5525 7245 6635 328 7485 9930 8774 538 708 7784 6788 6880 9298 6026 2480 1209 5497 6877 4170 4788 7569 2282 6313 649 5558 9932 5859 5818 1895 1197 7384 8499 8442 4018 8827 7005 3948 8680 7544 4656 6463 5410 2614 5760 2514 5095 8048 9091 1971 3297 3878 618 6658 1270 2346 2216 2280 8205 8034 4176 9403 6496 2674 8923 
1593 1501 5928 5541 180 4550 1275 7722 9960 3889 4561 3553 62 3687 2643 2033 6984 7600 3730 3642 8870 6076 6937 1150 4281 6049 5326 4762 2545 9079 3684 4138 1658 9612 757 1838 4161 3111 639 5200 8079 5200 8753 8142 8887 2474 1253 6950 73 4984 591 8944 1059 8607 1172 6419 4655 7577 1180 7200 6655 5944 2416 8314 5555 4252 1230 795 7363 1869 5995 6521 8148 5826 4662 7035 8300 6994 5063 8373 
3056 5654 8395 5195 5339 9567 1613 9994 7143 3873 8273 3798 895 688 2111 6450 4941 4420 8324 3382 6290 4318 9903 4437 1222 5643 2550 9522 3716 7613 7895 6772 4345 7368 3045 9684 6935 5738 756 4077 9611 9029 8954 1584 9717 2143 9113 5736 6564 7437 197 2853 2833 1178 8369 4056 7901 1998 3577 1616 689 2550 9467 5035 9919 2512 5797 7932 8250 6553 2008 8939 5581 2041 522 6377 4184 9635 3191 1826 
7071 4467 5758 9905 5646 4127 5039 4625 7204 8616 6241 7893 2245 5707 2927 3242 8219 9804 1173 7547 6356 4260 6485 3016 6301 7007 471 1564 6642 4741 3390 4791 9209 227 5774 5933 5433 812 557 2636 507 7877 528 3831 4662 4535 7073 2881 4338 8246 1506 1772 3584 7992 5867 9886 6077 6338 2528 2718 1079 6997 8589 1366 7224 5441 8378 2656 6254 13 5292 7840 7890 6900 1670 2551 1434 9822 6511 5772 
9146 8018 8623 2729 7088 4490 2614 3164 1906 6221 6962 4064 3218 5550 6509 441 990 4886 4177 8323 4899 547 7241 2788 7447 9990 6419 8881 9811 2929 5731 8956 2025 4354 1685 9113 9923 5378 2277 1828 1599 9239 6972 5896 5867 3480 7416 6857 8367 1592 6259 4344 2140 3499 7133 665 4568 3551 9547 4378 7559 6356 4413 9585 1788 6098 9776 1710 2554 2052 4618 4153 2369 2668 48 8236 6148 8544 6172 5593 
135 2430 9938 3354 7008 7070 4020 1575 1699 3566 7033 336 1000 1445 999 2789 7543 775 5578 96 2827 195 5329 5197 2863 6456 4511 90 4999 682 5683 6214 4191 5620 9568 1199 3768 3587 3853 5467 8232 885 6883 9233 2330 7882 2021 951 8657 7599 2127 2563 8874 8535 8839 2815 6069 3349 2905 2147 5111 8589 8361 9302 5287 7928 500 9056 2594 5433 4522 1904 7397 2483 1136 806 365 4236 1757 100 
2914 4963 2663 2866 4576 2580 6760 645 5930 9666 2792 1040 9333 1152 1420 4619 158 1921 3674 3831 8433 9276 5736 5829 1758 7951 6635 2123 2187 9472 3303 6180 5513 5966 124 89 8547 6884 1813 5555 7628 4605 7674 6960 6836 9094 2658 6994 2093 7411 825 1604 6686 6561 7434 9524 4511 5147 2725 7777 5697 6028 5035 1210 3073 5159 2378 2698 3122 4191 8253 749 8796 7005 8789 6710 6098 1446 3703 9271 
8857 5607 874 6622 3246 9387 6145 8837 5613 9949 7692 1309 5977 2727 3598 9050 8965 7055 1747 2086 1245 1078 3915 1119 8083 2703 7829 5259 5228 2611 5608 5163 9297 6483 2863 2543 6948 86 1379 2560 35 9071 3870 6012 2876 8547 6140 1841 5602 7887 5006 7926 43 10000 9046 8126 3781 7953 4463 9009 563 71 5251 9861 7633 9193 3482 4580 9280 5940 7141 9315 5010 2089 6405 8966 635 2544 1885 7316 
1509 6891 5242 1552 7970 5366 756 1750 3318 5219 759 4961 5290 7089 5900 2922 6281 460 7503 5560 6400 5722 5953 2488 7811 3436 1453 9525 5980 3338 7920 8568 1308 3161 1198 9278 9606 1954 1027 2923 7174 2865 8963 3542 9954 5941 7544 7314 6401 6125 3952 2800 1846 984 5289 735 4420 6742 1338 1479 1159 9258 46 2467 3497 1245 1744 3102 4278 3850 7105 1451 6716 7146 6073 7748 3087 3616 6140 9488 
9741 92 3367 2665 1076 8656 4479 6575 6476 5817 8054 8714 6154 9180 1180 9651 1503 4003 3832 5781 7854 2015 8312 5648 239 4384 3395 3326 9079 9536 3893 8819 706 8339 2562 2861 6994 7041 9436 4548 2857 7490 3262 89 7748 5521 9741 9251 603 4651 5031 9536 7745 3342 5183 7984 8805 9657 2389 7883 9192 6282 7780 976 4620 341 3837 2692 7382 3273 8319 1318 1841 2659 1407 667 9260 2226 9918 9863 
7956 6027 9398 5700 448 4580 3684 9253 4236 7152 7136 4507 3433 5994 6562 9132 6336 399 2902 4796 4751 1220 7193 7671 4959 8601 8338 4218 1905 8255 5159 9862 4281 4556 6640 5808 214 1402 5061 5529 8554 3275 1114 3065 9269 7677 2196 6683 9155 6177 1479 3905 8477 9751 1575 3435 8351 9913 8732 1335 9246 3890 2275 4605 9525 9994 413 9739 1396 6553 6346 9950 906 7461 4094 174 5137 6290 7937 5370 
3546 9416 9275 2022 9166 1928 5457 8596 2919 4188 1009 3243 9157 4363 7848 8681 4356 9340 9498 5752 5892 5843 6781 6798 3303 874 8052 9519 8243 5988 4888 1788 6482 5241 3810 6726 7169 345 6400 1166 5612 7409 4409 4768 1771 2257 4527 7207 2675 4024 2958 8568 9868 817 6444 3170 2770 5574 3768 2092 1561 8656 4959 9122 4976 9849 6927 3223 193 3326 4390 5806 1814 8799 1652 4664 2134 7259 1870 4810 
1282 5908 4456 1149 6725 1978 5399 574 7553 245 2666 192 8901 7625 393 4955 8552 7320 8179 8746 645 2568 5630 3538 2445 8361 8203 5659 5619 72 1547 6902 7059 6003 9130 4863 9060 5607 5437 7691 5852 9182 8963 5832 7885 9356 786 6437 7754 8965 5182 9478 2611 1890 3016 5057 250 1218 715 6949 2369 3341 4929 9429 422 4058 4291 9482 9666 806 8252 5517 9988 7214 2427 7872 7648 3214 5387 5401 
3257 1647 5957 5869 3537 8973 2004 4867 1269 3798 1815 4718 7139 7823 4146 7561 1880 9516 7042 2624 321 6372 9221 1387 3585 1647 337 2311 4861 5725 8791 9198 7372 4748 5066 1988 4799 7070 6855 6069 867 9749 786 8006 7571 6011 6645 529 6605 4765 3154 8005 1137 3453 9392 5801 5100 807 8113 1040 6532 6903 237 4983 2729 5303 6971 7529 3451 4904 3597 5397 4652 5462 4481 3301 2551 1125 3830 9156 
5890 8063 8239 8106 1515 8709 3907 7695 9516 2019 8735 7127 0 50 2109 2730 6432 9080 1337 9883 3983 6013 6358 9714 1474 838 4093 5104 1963 7923 5338 8932 7065 3576 7038 9659 3363 944 7353 2878 4042 7166 1083 5121 7216 3192 7851 4726 3350 9188 5687 8412 5200 2044 9204 7753 2882 3296 2856 5924 2298 9273 5935 9363 2848 4051 9021 7290 4995 7453 168 115 5697 1251 5236 2913 5523 4166 8718 9952 
4432 4405 8364 711 7528 7567 8464 410 863 2399 7413 3161 2750 4426 3602 6678 8477 3701 3967 4550 1153 4135 4665 6851 6466 980 842 3067 5146 638 3018 656 5043 1381 1367 2571 27 910 4060 1969 3309 2551 5130 6059 6978 9811 2736 5454 3511 6704 4 5744 1917 5748 3673 9462 6728 5594 2528 2952 6232 6626 3609 2354 8007 6055 4925 9113 6965 63 1081 1352 2614 7290 7412 670 7100 1226 7204 1690 
9009 7208 7434 2005 4034 2185 2545 1841 7779 5074 5872 5089 1699 559 7443 784 6615 3446 9898 3579 3509 2057 4932 7203 9348 3422 7873 6447 5727 5076 8137 4736 3362 6649 7820 7397 8834 364 316 7691 6517 6188 3859 8216 6748 1301 79 3362 4748 1055 6941 9336 3112 2951 6538 3538 6373 4411 9986 2100 9487 9201 7915 3928 6929 5734 2403 6841 6098 2719 5611 2615 8907 9470 1909 6733 770 3067 94 6597 
4122 8115 5933 8314 2144 2470 1851 8518 6881 2915 1696 7447 3195 9611 2453 123 6423 4856 6964 3599 7575 2574 7293 7560 2043 281 4293 3893 3348 5466 489 8550 4659 6422 7942 6804 8893 871 5321 6852 3787 8096 5377 6982 8785 7830 8184 5207 2685 5147 9885 1338 8801 8257 9978 1922 8538 4270 5815 2964 814 7384 2592 5474 3805 533 2277 3776 1405 7598 628 6271 6772 7084 4331 5556 4914 2514 762 8678 
7661 1725 16 7540 9982 9994 541 8519 5342 6356 2562 6156 3739 5154 1629 8624 6767 3906 2399 8172 2582 4106 5521 9354 1190 9852 4909 6104 2365 6750 5860 1104 8476 5876 9724 9536 6948 264 9134 3368 6620 1695 9525 1438 7928 2232 61 4694 6139 3539 3944 9800 7646 9465 9154 8836 9316 5141 6018 2759 1891 1877 3864 1445 8833 3587 980 5780 3851 1192 227 1549 2887 9752 4066 815 3062 5206 6588 9201 
8746 532 9001 7470 9997 9233 7384 391 4373 3401 4229 7343 6357 8093 8788 5189 2758 847 2048 7688 2039 2275 316 6006 3105 4382 7900 6167 9589 4487 6447 9413 6098 6526 6882 7174 5758 5344 8644 1209 8745 2872 8553 5101 2044 7340 1369 4802 9266 3417 3569 2384 6771 3885 9469 9876 8267 7368 7121 8934 2933 3567 8346 110 92 6306 7284 6929 1649 5927 8139 1472 9878 6691 7653 1921 5109 9022 7803 5454 
3517 1371 7838 287 5256 7306 1241 4601 5752 9441 3535 9764 3008 2959 9874 4179 344 8236 1108 3072 5241 325 4545 5119 7016 3276 8119 3203 2297 5921 8657 6893 7292 7573 8259 3626 5957 578 8228 2787 18 2841 3630 4105 5800 4582 8285 7223 2818 471 295 9138 796 5919 4256 8891 9195 2375 2093 2570 9375 1829 9463 6667 480 8800 292 7517 9378 9599 303 474 2439 5012 4580 8240 9595 2864 6541 2412 
3335 6836 2628 4131 2754 6885 4100 1948 338 6193 5597 791 9101 5059 7458 9582 3858 8830 8177 4314 8428 9559 4789 1946 4571 9369 1264 4165 3311 7805 7656 7725 4641 283 2934 7395 8247 7034 422 9664 3226 6019 455 3406 2157 8992 2987 7094 7821 2242 2487 7328 1800 7276 9274 6371 7723 537 535 1033 8342 8191 8758 4061 9554 1691 2535 7800 8725 4036 7464 3029 1133 7919 6435 3290 7989 500 1463 5810 
2742 3950 4216 4543 2304 4568 1992 26 5105 2528 2138 4525 1797 895 9666 2429 3665 2200 229 3468 6236 8772 7576 8448 7769 5090 1738 5757 5590 4280 2645 9412 8230 6861 5033 533 1428 8104 1638 7612 631 3776 3216 3508 5750 2881 5937 493 5081 7245 3961 2395 6016 2615 842 4863 7705 3659 620 4374 7939 3265 4864 7247 126 975 8859 2633 9079 496 245 789 5351 3461 4297 1100 7421 1312 2672 3580 
8558 7712 5975 5652 327 7896 515 8032 2634 1135 3484 1651 5479 8348 9978 6684 401 8836 9318 9481 411 641 269 6841 5181 5645 9021 2601 6957 1692 6181 6593 9405 3234 2245 9732 1129 3839 8842 4842 6053 3405 7573 1531 2831 7550 8216 3233 7464 8612 2713 7875 9253 4061 5795 4433 9706 4815 8113 7741 6507 4293 4334 6990 7527 7658 7800 9735 1496 7721 4577 7549 1125 2149 9080 3956 9699 8374 8268 8241 
8064 2059 7195 8395 6120 2989 2827 5825 7804 2018 4645 5389 6311 8979 3458 3837 6636 1257 3572 9211 8978 9228 6759 1181 1376 6917 6217 2153 6370 4484 393 4433 6544 8667 2828 2663 1655 6734 9568 537 8753 4212 5927 5063 4269 9385 9980 1983 1720 3551 1193 698 2778 7952 1879 5233 5947 9175 8465 2316 3659 9937 6750 202 8604 656 3944 258 7390 4590 1875 6142 9881 7802 2284 4149 8265 2263 6132 1063 
5814 7325 2840 9671 6355 5799 5982 3381 4973 5525 5697 8632 5461 3525 9913 4064 4181 3857 5402 1571 9526 7277 8792 9407 6157 1075 3555 5500 3338 766 7642 230 9170 482 979 6604 6281 8040 9985 1253 3564 6760 964 9026 1364 876 4168 5545 5812 648 8195 5338 9004 8066 4744 6239 219 9378 1738 4637 1222 9381 4867 392 941 6926 6996 7222 4965 8059 9554 8530 5897 517 8634 7261 1394 2801 3885 7206 
3450 3158 3622 3532 2302 9445 9772 2522 9902 2588 7159 1123 3047 3104 2594 3988 29 668 1209 6074 8727 1842 4603 5703 2359 3236 2963 4832 7116 7927 2038 1644 2164 6739 5177 4466 7263 4948 6988 7164 7536 4146 9366 583 7251 1960 5650 8359 2628 7939 4432 2434 9781 113 8137 2139 4428 2178 6972 1544 1184 88 3188 3348 7906 9444 7814 5168 5470 4802 2331 4085 26 1697 5747 8356 4736 1396 6715 7364 
9335 2225 9798 193 2339 9013 3412 6767 2270 1462 9390 3454 1550 3657 6802 534 3100 4615 5703 9650 495 9113 3734 522 1888 559 8878 6624 1955 6671 3988 2369 8897 4864 3641 2314 3877 7053 159 7226 8515 9550 679 1143 3206 7481 1678 7385 3174 7381 8113 4749 7572 1846 5271 9461 2405 5227 6084 5440 2977 1150 8888 2952 6015 2528 5266 970 9582 6504 8196 9175 6053 8875 318 337 7434 1996 8802 1686 
455 6914 6435 9106 9840 2784 8566 2244 9091 4650 8763 2067 5800 7650 5019 2893 178 1363 3863 838 8946 3137 12 6078 3090 330 6415 523 3405 6295 3289 4939 3209 9724 4045 3048 3587 2610 6371 2677 8339 5134 5823 5218 3862 1920 8111 5119 3283 3053 5957 3307 6190 7049 9385 9281 8458 5800 882 1863 3173 5250 7881 6382 6053 1925 508 9640 5615 7959 3395 5032 4171 9218 249 8033 1137 9440 4231 5499 
3571 1266 8806 839 8315 8191 1198 6773 5069 3160 9715 8242 8410 7595 5703 4462 599 7290 5180 7293 5248 8575 2324 9419 7792 2574 8531 7 3092 2761 5506 6663 4027 5391 8581 2342 3581 9780 193 9729 2939 986 9049 1348 9660 4751 6890 1337 2041 2069 8630 8368 644 954 7787 9515 4607 6317 601 7699 9078 6107 5440 4183 1497 4020 7604 6157 3799 7797 5885 7817 9862 4934 9166 9522 763 6055 858 3883 
9203 9489 2251 925 1521 1116 1519 6128 7433 2120 3826 7589 9306 344 1771 803 4364 9376 8039 9243 8251 5003 7059 8113 1015 7303 8713 1778 4436 9571 6741 3639 137 8992 5643 1658 107 7162 7786 8619 9282 2690 6207 8588 3034 9057 469 8478 8432 9587 8799 6683 4589 6936 5874 5604 4239 4586 8462 9754 5235 5202 4471 5373 4193 114 8110 5379 7276 6975 3997 7637 9665 1282 6224 3778 338 7772 3334 9850 
7358 3211 7611 1947 146 3484 8630 5464 9149 7091 5218 4383 2292 9689 834 7564 881 8945 4021 8158 6998 8018 5794 7741 378 3096 1518 717 867 5931 566 8225 9142 8177 1250 367 2739 9881 5831 1887 8050 2127 6270 1421 1816 7105 63 3776 7128 4085 1933 4125 3181 8806 1865 3560 1901 4463 5356 3847 1472 5922 3151 614 5177 4401 981 7916 5360 7891 9803 4489 18 7151 6989 2913 5334 7052 6689 3540 
2215 9702 8744 5397 8507 1688 35 1487 6151 5391 6413 8702 2391 9564 394 8647 5044 2454 6562 1482 345 7443 5971 363 5672 2959 4355 1006 1090 1043 4546 3305 744 3290 9781 330 4978 9816 2896 2207 6285 9309 1987 8676 9952 2382 8401 4995 4836 4962 6477 5181 3483 3527 6623 9156 7565 977 161 9734 3100 5786 3039 4923 154 2819 5253 6211 3714 9228 9497 9999 8537 1484 9754 8488 3866 8154 4561 8702 
4195 2116 4962 7678 6722 2663 6833 5366 4720 8073 5099 7820 4938 8138 2742 5092 2036 9075 1303 6829 8302 799 7906 7917 3362 8738 7483 7228 6892 2043 7009 2165 4160 3049 921 1960 6791 8834 7326 1510 6906 2425 9330 1843 1641 3151 8015 4756 3304 396 1584 1605 2274 569 601 5637 9307 8084 3943 6198 127 951 9442 5366 5079 363 8405 1870 9197 5731 3380 7181 9235 3789 103 875 8019 8118 6711 1322 
8514 9374 4006 787 9943 4607 7503 9250 2691 1446 6526 3897 3476 5968 341 8556 7410 8746 1504 6606 4476 5963 4865 3710 9752 4968 5665 8849 4164 2375 170 3756 2827 4177 4544 2770 9863 3125 2019 2553 4571 9624 6450 8048 6670 6791 7682 4079 6616 9186 1763 1091 5148 6629 5881 5979 2675 1545 4827 6840 4999 6077 595 8905 1332 6218 1674 1194 9344 4772 3748 3914 4396 1276 3040 1065 9147 721 6224 5762 
9907 7987 7932 5055 5694 3812 2112 8370 6436 6939 6288 2513 4094 6883 1418 5426 3101 3092 7700 3523 8944 1447 8516 4418 3802 1556 6562 4027 2277 2785 9789 2184 1851 8800 8318 7545 2611 429 6993 9048 8447 3280 1560 2541 163 2978 9046 4343 7150 6745 8945 6093 9271 7460 1589 4152 9016 8151 8179 1293 2015 9047 4556 3866 7846 3952 2489 456 4381 9483 582 3906 3841 3222 7526 5083 6200 7651 504 4428 
4395 9449 1599 4745 6909 3188 8897 7003 2418 8154 8296 4433 7200 3930 9378 6124 7882 1866 6581 3341 2427 8242 8327 6269 1463 5852 2430 8743 3502 2935 3170 8977 2383 5849 3721 370 115 3696 7374 2533 1849 6748 8045 128 1757 7422 6252 9639 367 3911 4059 2794 2153 2385 141 4695 9316 2572 3437 2818 6586 7687 2873 47 4614 7673 418 4729 2447 8871 8342 4296 6697 6386 5503 8454 4887 2834 8093 5254 
6745 3230 9127 9977 5615 9269 4672 4930 2919 9188 8827 583 7953 1699 630 2566 450 2127 8375 2897 2076 6716 8273 8774 4180 3775 7227 9067 6609 6398 5399 4433 9628 4526 5488 6321 4873 1238 2330 8871 426 1156 9454 9458 3935 1162 3103 4385 3290 2556 8362 5366 9272 6634 5218 4530 1487 2445 4676 8097 9922 74 3608 9550 4600 9096 6949 551 334 9279 9422 1839 435 9954 1296 5449 1116 5478 9834 5485 
8034 8195 1929 8384 5907 7148 2914 7395 671 8669 6570 592 8743 177 141 4422 351 7091 4973 1764 6369 5474 3603 7883 5427 5979 3331 6543 1456 4244 3106 9491 3517 5036 7874 9425 3262 1866 6819 3933 534 4467 4525 356 4644 4667 4778 6074 2836 829 7839 283 6303 1441 8167 1730 8499 2576 9352 9956 6820 2458 524 1416 8573 8398 840 1834 1343 8738 5767 2956 3204 1370 3312 8927 7116 8090 6079 9952 
9999 3917 1314 6301 6438 559 9110 4936 3135 8462 4891 1034 1998 5415 2450 1649 4892 4369 3483 7314 4185 328 269 7389 1698 3582 7394 8815 2750 3472 9845 2748 8469 1158 128 4906 2796 9238 9842 5932 8778 5812 8045 1854 2305 494 3503 7197 5942 8065 4510 126 9472 5859 8594 2249 9441 7066 1063 3269 537 1986 7097 84 4224 7225 4990 7020 7541 5911 4030 6319 2801 2074 9252 5106 3647 2755 3382 9589 
1898 8971 9715 1370 4829 9387 3619 5348 6452 5761 8618 8069 8826 5714 8153 3049 4017 4222 1148 2636 132 5178 8955 2933 8332 9286 9118 3057 2040 2499 2646 3938 1470 3439 5308 6299 2826 5 1647 9278 5766 1343 8425 4592 8136 6578 8720 2152 799 9868 4788 2010 6125 4822 6022 5535 4107 5139 8592 7226 7639 2316 2242 9109 5756 8630 6486 9661 8635 8133 16 4401 9476 8442 71 7611 6098 8791 841 7976 
9738 6709 9986 6941 1530 6007 2475 6716 2224 2145 5020 9863 4462 7262 49 1296 5891 6536 956 4526 5747 2051 5 5223 1571 76 3912 7669 9946 5833 5644 9683 2541 6708 7702 5150 3793 176 2944 6018 2322 7964 6959 7863 5225 8088 9159 1116 4623 1193 6721 369 3244 6726 6671 5895 7881 1662 3563 7826 7495 286 8588 1114 8073 6289 7343 1866 7545 286 8963 945 8250 5921 8808 4553 4008 7966 6748 9710 
9159 3468 1158 3481 193 7829 9376 9153 569 4018 8058 8064 5383 6645 256 3455 4012 7599 5321 2635 7885 4283 3580 7213 1283 2387 2845 5291 1431 9593 5001 1668 3061 6159 5150 4333 5066 5604 3486 5636 9622 1543 4778 5004 9267 6114 8460 4357 3712 3780 6993 2676 9143 1651 967 425 5118 3812 6795 6549 3405 2874 8218 6466 111 4446 798 5178 49 5363 1892 9672 6906 7749 4675 6172 3862 4213 529 8654 
9073 8601 1329 8215 251 2296 8640 5369 6109 5434 2997 592 8309 1214 7058 8420 6739 8935 4676 6788 4298 7647 6459 2282 5396 2213 9534 9258 7505 1141 8990 6577 9742 318 4791 1071 3694 4509 6441 881 1022 9438 1473 409 1730 9610 9908 8469 9623 4584 6335 4999 2230 2794 7282 8705 6086 7894 9042 3590 9035 8031 1246 9855 9429 7116 925 3122 1625 8445 5082 3726 8961 7634 4135 1769 7243 4042 237 6865 
9705 7652 1864 3014 1524 224 1718 7610 8118 1838 2278 8231 9870 3524 8085 9298 1719 9010 3498 3344 8534 9659 7070 7494 7292 2283 9264 4534 7404 579 2477 7109 8231 5420 1201 9755 5644 2919 8443 4840 4758 1800 3070 5706 6403 1154 6082 8122 1243 658 2544 9777 316 692 8349 7608 2975 8691 3220 379 9271 6776 8567 8580 2196 9768 9414 8919 3765 7856 4838 8523 734 7908 5307 7138 141 1388 5259 2463 
3125 7804 3318 3441 8496 1666 2127 2550 1436 5347 2929 706 2123 1495 364 5398 2341 9778 4316 6106 8713 9154 5708 9447 8141 1014 6584 9361 3482 2922 1823 6607 1804 6220 1127 1378 8965 3254 3928 400 9681 7936 2185 1803 9431 2550 8280 2850 3406 3674 8957 2118 3907 4664 1565 2047 6757 9228 1407 238 3228 4309 7925 5032 528 9052 6411 9493 2305 338 972 3064 8275 3157 5946 8784 5707 4225 1634 9114 
7900 1669 2310 1806 7412 4954 4932 4168 4182 7418 5486 7410 1726 3410 3521 3333 2461 9932 3904 5845 1348 4876 9989 701 8034 5934 9486 3740 159 2198 3932 8059 3867 6243 943 1278 1196 5875 6525 6457 3292 2010 4946 6097 5420 8467 9430 8960 9477 3333 5884 824 9289 5872 1526 7322 1805 2090 2140 1964 5367 7152 1101 312 3394 3123 1590 5669 8998 9194 2126 3368 1204 8151 9465 6624 6617 9973 6663 7172 
4385 2546 7996 3673 9497 600 994 1301 3769 4213 4345 9136 1364 6525 9448 5837 9649 2116 1506 9725 1310 4711 3093 2514 2861 2557 216 556 3609 7958 7728 7994 1582 6802 1666 1078 7403 3739 2380 2250 7952 7804 1386 9317 5407 833 5153 5055 4029 6659 4780 5339 2448 8952 8932 5309 2587 226 5865 6196 9264 3592 4189 845 394 6934 1924 8876 672 5383 1125 8625 3186 3590 7941 9672 5503 4172 4727 9532 
1910 585 5949 4358 615 5959 746 3202 7264 6611 477 6527 1282 4666 7373 2755 1600 9297 2709 3351 5758 4913 1975 22 8504 994 9694 5085 5167 4420 4616 7077 6084 1643 2513 6699 8681 3259 980 5944 9871 1457 2471 2231 7202 922 4986 9881 218 8774 3232 7055 3686 5207 7077 2189 7281 6770 8353 2447 2269 2968 602 9432 5690 3115 7210 4370 6375 8190 314 7324 725 3864 9555 7927 4786 5619 8887 6083 
4392 3197 3137 9157 9483 213 2425 6763 8062 777 9210 330 3746 9812 9763 514 4006 6972 4885 1459 6240 6278 8783 6965 141 9416 5970 6006 6113 5935 2088 1583 9132 6304 739 8615 7596 3164 5377 5657 3942 5666 7067 8767 6556 6829 9281 561 4879 5244 2020 1118 1521 1881 9162 2741 2375 5131 8747 8488 1066 1913 70 1276 8217 810 9891 6891 5053 6347 2548 73 2012 9615 8840 9647 7522 9200 208 2400 
4443 3307 4597 7044 6268 3758 9785 8643 9968 8532 7131 2112 1523 8280 3389 819 168 4358 7710 5222 704 257 5295 3795 9872 5214 4521 8472 5492 4729 871 9935 9115 5468 8057 5382 304 7842 5104 272 7452 2234 2384 8975 1592 6852 9794 1761 1210 7504 8062 2993 8840 4435 7868 9791 9649 2388 8262 5140 8196 9134 6154 8389 5680 4210 4850 5985 3130 9954 6257 581 3266 9720 635 4858 6572 1507 7698 7782 
89 5759 1853 8930 194 9721 8720 921 3187 6981 7141 1382 7193 4373 9772 3952 9662 4621 1015 2792 4574 8351 4452 8919 8070 5087 3776 4641 7674 2553 3501 7763 8312 6434 6692 9585 6154 6490 1585 9342 3471 8726 1802 1742 4177 1573 5694 3838 7273 7788 6630 2925 6138 1082 1843 4208 7248 6699 9928 4921 9252 4508 3763 8642 941 454 9306 8174 6945 890 8594 1494 694 396 4315 4871 1969 1088 8709 321 
8876 6418 3246 5014 8579 5090 9222 6905 2867 227 2905 2118 4735 6668 1838 6755 7122 1143 4929 5145 2033 3522 7718 2727 3918 2033 8677 6967 3121 8465 7288 3075 4882 1612 8089 4539 7781 8389 1443 647 9696 4348 3844 4430 1015 5683 1185 9217 6826 7193 4361 8860 714 3158 2665 5712 5191 1342 2678 9391 9807 1044 3544 5767 3735 1633 305 1516 1100 2827 2163 795 7176 6008 6305 9270 1690 8569 8486 8516 
5761 3926 8454 7554 7084 1119 3265 3353 3540 7022 3822 4425 9145 7366 1270 2880 77 1575 4396 1178 4402 6559 3052 2656 2566 9357 1926 5335 7925 1490 4930 4764 6495 3383 2318 3578 5581 5583 8010 199 2605 1831 4624 1749 276 5894 4629 353 8548 103 2610 4029 6663 5663 7764 307 5019 768 6722 4023 2259 1651 8787 8754 5034 1104 3411 615 7767 2499 814 371 5410 6518 3199 5686 3490 8908 7118 3117 
9011 9729 8225 6752 5391 5988 8139 1488 7836 4860 6590 94 6511 6456 9927 1544 7560 4416 3238 5326 6916 5132 6776 2325 2728 1054 9090 6218 1040 6207 413 50 5935 8638 7882 2404 5705 6020 4972 3540 1958 1561 4713 8469 9096 4639 1091 6656 134 4330 3060 7050 540 915 453 3268 3048 9543 564 4088 6828 978 5217 3842 694 3098 7325 7478 196 2296 1017 2154 4937 5730 1701 4032 1448 2793 1766 1582 
8202 5906 9711 9821 7900 1242 3088 947 1863 4731 5035 8691 5709 251 3611 7483 4429 936 4960 4625 3232 7057 7859 8169 2786 9560 3280 5313 3431 5046 7974 1632 951 8763 1452 8851 4 5619 9798 1867 350 5911 1637 7138 6163 5248 5699 591 6184 659 6295 9417 7716 5232 8664 1580 4792 1943 7973 8223 8069 7025 934 98 5788 3465 28 6871 163 9826 9818 513 6816 1454 8730 4057 7781 4429 5727 3965 
6167 2021 4460 4961 7254 4202 6541 3124 7225 5592 2425 5293 2617 3359 6470 9484 7904 6498 6354 8067 7403 7250 9659 4218 8704 9467 8275 7564 4974 4001 1528 1140 7101 7067 6101 5433 2347 3721 8557 9572 391 2061 5943 3008 6499 2413 3570 4402 8911 9925 3547 7392 7174 3205 1609 6957 3751 962 4520 8725 6042 7127 944 3143 5272 8124 9655 7619 2923 9291 8270 3315 1351 4212 6323 7850 7704 972 3331 7694 
896 6878 5085 9149 1162 7774 7184 4913 8736 2782 4716 4778 987 5660 9000 7338 3784 8654 4957 6707 7944 3226 21 373 8517 7424 8224 7300 8396 2633 4993 370 9511 1156 597 1751 8930 8861 6664 8745 2721 1380 3522 3709 7040 3600 1046 1902 3332 7082 8610 2355 1386 9710 2728 9904 7133 2030 7203 6607 4663 3274 8056 5253 4430 8654 7004 4439 7514 3668 3183 1313 6127 6705 5022 4245 1383 7148 6148 4715 
4229 5836 7070 6695 5545 9799 6598 3757 2907 4879 1442 7571 9232 9499 3902 3661 8152 905 8100 6744 5652 1282 8057 1778 9066 4158 6024 448 2384 3250 6243 7692 9086 3312 4386 5709 4189 2062 544 7097 6941 1987 5746 6172 1485 9648 912 9637 552 90 7459 7284 2452 6594 9062 1517 751 6164 3045 3135 492 9288 1906 656 3678 6292 6366 7868 8355 6910 6043 5295 8897 1788 2546 381 2514 4537 1096 4145 
4627 8555 1428 7079 6228 1569 9676 6979 7733 2720 1193 9305 3086 3099 9961 6764 469 6326 4631 8824 4315 1752 5198 4290 4619 7744 4672 7133 3359 6847 2357 7986 6481 3785 6144 2708 5354 5819 765 4166 8539 1958 4549 1624 6136 4509 9467 6606 1914 5177 6508 6229 6929 1705 1597 1548 527 6269 8681 3886 4195 2116 2951 675 5902 9095 3383 2334 4913 4148 7579 4530 7186 2127 7233 4400 7716 6699 2084 9630 
1875 8593 6937 8805 1376 8534 1431 1904 5882 1190 6869 76 3307 9820 751 9209 8914 5213 2621 4905 439 200 513 7625 3406 7746 2025 1121 5524 5188 1829 8478 3780 8766 8361 5157 8379 9792 8140 4260 982 5008 5415 4289 4828 7245 4576 4820 2457 8276 804 2896 9555 1317 1600 2961 142 4704 5161 6745 9892 6991 5222 4751 5756 4662 986 5213 4453 9126 9473 6514 5212 4887 1881 1118 2131 7536 5939 5667 
5812 7822 8564 5366 217 163 8327 359 4867 4567 8183 5837 1557 4484 587 8392 9146 1573 3605 4677 1777 3077 1191 6990 9044 4151 9187 2253 1687 5125 7921 7499 4025 6484 2864 4243 7726 2270 5681 3671 6837 3864 9508 9473 9427 1174 7864 8572 3826 2547 4327 6683 6704 5518 4751 5747 9670 3937 9079 2435 141 6999 9934 4166 4561 3876 8409 3365 7225 5169 7036 4061 111 7623 4612 9538 8797 3555 9188 3701 
6102 3514 383 2805 111 5134 9631 859 9072 8710 3294 9213 5708 3227 4457 1348 8182 3945 4713 5407 9114 1749 9468 303 450 5159 9841 325 8714 106 4026 4815 3620 5489 8700 4810 622 8330 5669 772 7039 8963 9985 3826 3268 4442 5174 1450 9466 965 6857 8579 3793 7403 8882 4243 2561 9801 4568 2353 985 9674 7169 5684 5162 5868 494 5784 5276 6163 7636 3394 6205 8699 7220 551 4219 3472 2001 3684 
4437 9937 2262 8231 8419 2222 3552 2058 3101 9200 4412 4086 8873 2659 9771 5113 9606 1343 1975 4881 8585 9611 8275 4789 8310 6573 6420 2528 1123 8421 6213 5561 9437 9554 4870 7855 1776 9501 991 5956 8700 5403 42 7572 9141 891 2684 8746 3313 4660 3627 1897 5349 2980 7766 3658 9554 4185 6187 676 3684 3478 7316 3120 3031 3264 2053 5886 2765 3045 1842 1464 9527 2963 115 8668 4933 3878 7413 8246 
9617 2118 142 4966 6178 7908 9703 6810 3171 5889 8565 6856 445 5881 1054 3477 223 3108 9363 4067 7232 2283 5532 6758 6325 6726 6504 1257 1682 4996 9503 2378 7114 724 7344 4370 9711 8125 1179 2882 4014 9745 9738 4459 6704 1870 9015 6927 4978 9457 994 3288 1739 7605 46 8065 5409 7629 9322 7091 2624 9904 547 817 1706 7891 5187 1416 6016 6367 5377 1108 6111 6193 6646 3893 8064 6740 819 3041 
6196 2892 7409 7935 1575 7455 7078 6984 6162 7479 5154 8787 7382 5701 9604 166 4671 4790 1582 1765 1156 6960 3952 8346 3152 1676 2238 2294 8416 4137 5336 4611 7029 3823 3625 9684 1277 702 7746 8518 9260 3978 7304 7720 9680 6907 7886 5429 2776 9469 8273 5011 7507 3303 3357 1737 6058 5595 4032 4474 810 446 163 8919 4269 4867 8602 6625 5570 6347 5142 4829 325 2446 2549 1083 431 1513 7591 3207 
2060 6942 8219 9567 244 2654 2383 6302 9328 6415 1854 138 7940 2018 9057 2208 6885 7658 9912 3533 5083 5053 9442 5408 8578 3069 6491 88 4582 5160 4374 6643 2101 3671 7288 2345 6325 9671 9727 5653 7164 1580 6870 5103 4677 7005 7311 2641 5741 7222 7253 823 3354 6694 6232 1931 9763 3801 3098 5424 8962 7473 2066 2141 1143 432 4487 7469 103 5292 4200 7267 6872 2148 2370 2628 9153 759 5269 4893 
9061 2521 5716 2414 294 3026 5424 1135 7907 8523 6559 7947 5995 9704 87 7138 1215 5653 5685 1318 944 963 8585 8896 3111 2033 1523 2263 2793 7871 8235 2932 1470 5030 5346 1764 8056 769 3979 7041 370 537 4987 6365 1320 6154 4582 2535 1806 1345 4932 2751 2309 4595 2725 5420 6629 4248 8763 500 2118 8076 3432 4667 3105 9857 6432 1161 1704 410 9281 2075 2026 4268 9519 4425 1500 5179 8039 3306 
6525 2970 7136 9913 8645 9861 6411 6352 5187 5173 6852 8384 4328 1362 3051 7433 1218 561 8594 4001 2050 8954 6076 4076 3221 6674 9581 4721 1852 8698 9106 9456 2747 7321 9368 1391 7181 5779 7743 3447 2030 5673 1830 6358 7035 4881 3791 9332 5442 3463 3332 7492 2416 487 2647 6716 7161 3306 2515 91 2003 2700 9548 4750 20 9994 6141 8280 5772 3883 1726 8882 9556 3557 6318 7669 9517 1187 8079 4959 
4651 2490 3529 8146 2977 7255 4862 1216 560 8456 2386 2564 1155 3012 7314 1175 3006 4534 534 9857 8417 2260 8738 9052 5817 6135 7799 5334 7322 5878 1371 1972 8368 5979 1197 2423 3234 7138 4718 3794 5593 8183 6358 7828 1195 4751 81 4201 9285 615 4057 8780 2876 3874 8910 9772 8 6709 6184 7330 3665 8634 381 3111 4613 2657 6613 7847 9795 1330 1640 5387 591 9078 4293 1786 3828 4375 5987 4191 
4990 1123 4049 8945 6076 2959 8717 7163 746 5979 5571 5490 4613 5952 8601 9226 9688 6292 7072 9482 7622 9791 5948 8213 8868 240 1078 3774 4615 7065 7965 684 9267 2014 9629 5342 6052 9424 3583 7877 6482 9155 3366 1094 6185 1966 319 5873 9337 8470 5354 6958 8260 1301 6249 7128 2621 8406 901 8315 6550 9946 8999 5816 3038 9707 2237 9090 208 5820 6966 6690 4974 331 8863 2238 3376 260 8111 2712 
8730 4543 748 6990 5845 8076 5196 9545 7561 7176 7859 4110 7121 7937 9926 1237 8722 3241 326 8930 140 8371 6699 6193 9781 5561 8431 4235 5822 6541 8026 5630 1084 8774 3698 8008 7929 8894 8631 5489 7149 6489 677 5348 5504 602 6586 4225 4923 6912 4234 5063 6362 932 1255 6142 7572 765 377 4472 8385 8403 1181 547 8256 4879 9634 7263 4852 8264 3830 2000 5832 4507 7348 1335 6188 3933 5561 1110 
1924 9795 7252 9365 1805 9587 5506 455 351 6962 6007 8736 5365 7188 9284 4699 2066 8917 3040 6918 8260 6870 8918 4091 1376 7345 5426 7564 2356 986 9754 5359 1859 7005 4723 3664 6591 229 5199 8021 8270 1205 6757 4713 8393 7119 9412 458 7114 2451 8456 5373 399 8452 9464 2854 5796 4890 418 9232 6955 1250 4590 8815 9334 9314 3557 7004 621 8756 5024 8891 1039 1780 3604 9432 9978 4094 969 7092 
7625 503 2464 8024 8955 1928 878 5830 7897 2375 5061 4851 4704 9651 4744 4037 42 9381 1040 1742 9215 6065 633 254 8924 5316 764 8902 488 1733 5993 8113 3315 8457 7216 2270 1463 8094 9179 9360 1547 4239 5290 6251 4968 33 287 6090 492 2407 7832 9708 8472 9544 9962 8474 5938 1804 7375 6427 4617 4446 4539 7932 3982 2833 201 5445 926 458 5884 2473 5776 1173 9803 744 2285 1169 7913 2778 
3576 6823 2485 3126 6367 3525 1599 2304 5329 53 9810 9946 4499 5428 7878 9560 8261 9158 5005 9188 9617 888 2739 5392 2061 3621 7215 4346 4790 6206 8203 8366 3029 687 2570 474 5291 4169 3857 620 5301 3667 1644 879 9095 600 438 7355 9759 6522 7621 453 7410 1439 6924 549 5060 5218 5975 928 1423 4177 372 5531 5944 2942 6005 1234 8190 9863 1854 3491 3529 4578 5449 3702 5178 5887 1056 4936 
2409 9757 6468 897 1195 3392 2526 7334 9689 8501 8262 2190 3756 9713 7722 9700 2654 3726 934 843 4667 3867 5413 9275 8445 861 2976 4702 7828 5112 716 1315 5947 7185 2212 8221 1655 4738 5554 1343 4317 4894 3533 8074 4606 2333 8852 8339 7139 9786 9182 1805 4732 5674 2159 4255 6535 5135 8957 5441 1325 9674 6756 7272 7937 47 5492 670 5864 2124 3092 181 8097 6625 9334 3781 37 8185 2119 7176 
9050 2380 8981 3781 9133 1139 8036 6746 7354 8072 2187 9758 8824 8943 7030 7839 68 3600 8509 5933 6804 1600 6114 4900 9304 6526 9761 9341 4710 2958 6516 3759 5338 6576 8619 5549 8794 6655 2295 7226 5805 4482 6984 5707 4503 5092 3545 4572 9771 2053 1583 6574 3653 7697 2553 2956 5301 2313 2297 10 5271 9892 4849 1688 6467 3467 7237 5261 1200 9532 2486 7005 5092 548 2711 674 5640 6256 5246 5411 
8309 6829 3063 3040 5604 5616 5997 904 9008 9373 1993 5358 9264 6842 8125 6810 309 6440 3149 1509 7051 6714 9594 2142 7263 3383 2816 3981 9640 9141 470 9027 7048 3534 3146 2651 228 221 4634 9237 672 6628 5673 1014 4548 3797 7824 4857 236 972 7446 7287 8766 8118 508 7107 1500 3324 1087 2218 3544 1558 2324 591 6171 5470 4322 7478 6770 8956 6714 7442 6662 3465 8456 1210 7262 6280 7146 8578 
8331 5670 6943 8175 3787 7451 5281 6367 1854 6369 8585 5398 9006 908 7068 6255 7457 1389 3732 4226 345 1525 2746 8086 4990 1202 374 3331 8561 7521 2987 7970 4269 9930 6145 8057 8460 1425 4423 313 8873 4086 6790 8957 6074 3857 5211 3530 5247 22 8836 6671 1547 1581 4756 7616 3862 5131 2025 2422 3730 5012 392 7999 6021 7616 7134 4480 119 2635 5872 71 7801 2661 9028 3874 7597 5318 8483 2843 
5340 7318 592 7966 9979 5349 6660 3840 1558 8686 7342 6367 3697 8813 5444 796 6428 2578 5276 7626 6292 1147 7697 4092 4887 7804 9045 2484 3121 7528 6406 9540 5924 6999 8584 5902 2347 5243 821 4984 3928 8163 1350 8705 6975 6794 579 4481 450 5856 2106 7822 8082 882 1913 2969 8686 2037 6532 2885 9565 2937 2424 5488 9936 2086 2469 3361 7329 3290 8345 2336 1452 9695 2119 9506 7568 2698 3986 8018 
9633 7171 5839 7715 8053 8832 1762 6738 868 8294 701 1511 1230 3125 8078 2245 5211 546 5606 3619 4915 3951 7034 7446 4724 9153 6951 2291 2929 2015 1388 2562 265 7227 1355 8318 7137 3117 6135 9084 2489 6836 594 3719 1040 9752 5964 7330 297 2649 2027 6292 6600 9061 3737 1323 9292 1767 4694 2221 4861 6082 5862 5126 4387 7217 4523 2603 333 1736 1686 2822 9651 3360 7620 690 3111 4663 9100 3408 
7312 2205 778 4990 1266 4516 7392 1636 6283 2085 3857 2222 9246 9719 7349 4712 8014 1871 7315 9426 3607 9001 3326 4336 2360 946 5027 5471 6688 5205 9959 5078 7410 736 67 9755 6331 7459 1391 3692 623 6327 5915 947 7125 3263 5659 5138 6213 2973 4564 898 3053 8969 5234 5413 9915 1339 1963 7681 7623 3000 2758 6112 3736 2825 5866 1146 1363 8336 4838 3065 4663 1831 4012 2866 5094 9672 8004 2385 
3723 3646 4362 6776 2615 9597 3268 3608 2014 6310 2368 9638 9310 5126 5749 4124 9031 1614 5270 1472 1029 1187 4537 5692 3018 9628 8558 9192 377 7640 1576 4101 2365 5939 1955 6059 6614 6302 745 8628 2611 3113 9344 1920 9319 5092 7124 8349 7786 2393 899 8815 3580 6515 5585 7678 6142 5221 6869 6520 3939 9524 620 6304 6541 3654 3441 4233 9957 4187 2861 3646 8379 2204 6646 7697 8376 3769 7124 7240 
7241 8023 6054 821 4537 2717 9578 679 9017 6446 7199 2955 7048 8898 338 4668 3630 3779 8901 4665 9045 1761 8312 7424 5045 6036 5120 4499 9805 2244 1738 7045 266 8871 8945 5883 2666 8522 6562 1682 6046 4839 4637 4173 4815 4975 8841 8445 9834 7741 3110 8878 581 2500 7380 5626 8536 2500 1203 9419 5823 2941 6463 6089 2890 6487 3050 5556 6087 9612 7238 3212 5529 2953 7385 343 7929 6225 8789 8841 
5044 2977 8797 5625 6556 6177 2329 5091 8677 3532 5588 4499 7552 3129 1666 1520 9616 4717 7076 6782 5407 5392 9994 936 8346 7378 1279 7353 4681 1146 6193 803 5202 4989 6429 1757 1165 9837 7927 920 4448 3514 6498 3078 6644 9244 4599 7338 5039 2753 4119 445 8146 5191 2460 6491 2568 3740 3843 8328 5965 1114 9132 1167 6103 6639 4003 8348 7554 1930 346 2001 6523 7924 5080 4245 7167 757 2662 2205 
3510 7860 3729 1655 3051 6190 9225 6698 1008 3067 5026 6973 5260 5236 9219 1363 2953 4301 789 506 7310 2214 2508 3832 137 8667 9157 8383 9424 1818 1666 2933 9678 5396 4589 2728 1585 3813 9427 3672 7960 5531 1723 3219 1845 2021 5661 4798 6322 7529 5304 3631 822 8891 8542 959 7557 7698 421 6980 594 2087 9914 1351 8562 5581 4079 1225 472 4584 4897 8432 1193 6621 2730 3038 8642 9470 8915 4963 
6999 4219 9673 7821 3109 8214 9859 1745 6991 1358 8725 7585 4525 9717 8936 3086 5297 4094 4312 5770 9757 9209 5280 950 5829 9089 5067 5549 8559 3982 511 6636 9280 1262 5535 3467 9477 6472 5212 6467 7831 5016 4051 2355 4732 4066 5441 1108 8160 831 6878 7916 40 3236 9945 6948 2325 6091 2497 1962 1151 4087 8598 430 5350 4132 4976 5905 1682 1267 2371 9513 6283 7501 2946 2093 1566 8388 3201 804 
9219 78 9800 337 4394 9744 7286 7798 5834 861 9760 6985 4948 9436 8494 297 4646 3470 6202 6328 5816 9652 5841 2098 8232 8787 4191 876 8253 7393 1681 8551 8550 1480 9967 4022 1223 7252 1819 8137 8113 2657 6200 4140 2092 4694 4437 6738 9243 1718 3066 5058 2448 9986 7156 679 9851 2425 1556 8104 896 4316 7733 9447 5796 7699 4547 8098 6030 6367 7313 5221 9024 3513 9361 2195 8207 4877 8933 8528 
6595 3077 3585 121 3062 1819 801 2913 4244 3436 2095 5141 7752 906 5666 4626 8605 212 3802 4634 7658 1115 934 6682 4628 294 9956 3913 5171 8888 2440 1765 3044 6025 2966 7185 7844 3767 97 3166 7203 3271 8307 6033 4177 5051 658 3861 5264 4460 9574 4000 6654 507 1760 2360 802 1715 6273 5973 1682 9792 8818 4726 6895 1783 1910 5817 6629 3087 8984 4910 6358 8369 942 1614 4499 2679 5475 841 
8218 5048 4841 4872 6635 6602 7232 7437 8317 4584 4488 9999 5454 3305 4724 2349 6167 7714 8166 2795 800 8228 7705 8237 7676 9726 9851 2174 2404 6404 3015 622 2531 7856 6573 9166 4457 4883 6602 2774 545 2168 3851 6000 5474 9655 8349 2719 7368 7593 5515 8168 6900 4298 7483 5654 4024 8413 7828 7507 4816 1921 9208 8426 9777 5780 7591 5313 1742 5271 9166 2287 7440 3016 8287 3992 2670 7714 6711 1116 
6386 3304 362 4364 7603 7846 17 1626 6258 7845 9133 2152 9766 8341 578 620 5199 9248 7012 6941 5598 6177 307 3037 272 8594 8108 4021 7387 5897 5138 3772 9202 5500 8136 6804 4424 8153 9509 681 7076 8641 3913 7920 8060 5570 9619 4338 4817 6631 1278 414 3886 1585 4530 5237 1258 3716 9259 8645 9614 5475 3495 8815 974 2709 5618 5399 1940 6205 7159 94 4845 2150 8014 3984 7720 8711 8322 2537 
6420 678 4030 306 3343 9640 5543 4601 4434 5880 4324 4047 1354 8898 3940 3408 1606 636 9886 4625 6841 8123 4719 2765 273 2732 6749 7993 1442 5070 1608 7863 6827 6718 9248 169 7436 5869 5849 1869 2828 172 6996 4182 148 935 8669 2833 1572 8554 7458 9492 6677 2176 2256 6950 4908 83 6021 7430 6232 7630 6371 3059 4347 6697 3228 1782 3644 9078 3651 6472 328 646 1733 1556 2661 401 4389 5312 
34 1847 4803 6711 4023 8139 4739 10 8222 759 8519 4454 9468 4889 8592 3814 2664 1819 6675 6308 1975 1405 2780 3383 3130 4513 4939 5791 5993 9328 2181 6027 2253 8064 3816 6277 6202 9634 6287 5502 1472 4805 1034 939 772 9626 5833 4515 2524 3586 822 4499 4991 4681 8961 8122 272 4978 4991 6266 5385 8252 3371 7638 6315 7188 3914 3595 6821 1279 9097 9372 7163 131 311 7935 835 7223 3528 3359 
808 5430 7859 5800 110 7898 5000 383 2876 1069 7728 8261 9321 1098 5898 6714 9365 891 308 6186 2170 484 5557 9334 1694 6947 8347 2529 4169 1875 5889 4978 7305 4826 1856 8494 2723 7935 9956 5599 9004 7683 4938 9404 9861 836 7196 9225 2806 7505 5410 4976 9068 2046 4309 761 71 3735 4369 5320 5610 257 297 3993 5083 3232 3565 8886 1166 3521 5563 1248 1203 501 651 1063 2416 7848 288 5222 
6431 6777 197 5498 9902 5586 7338 1052 9321 1706 6372 6009 3043 7748 1080 8126 979 4645 7011 3224 8166 2574 4472 448 4154 6203 2590 6570 4050 2878 2870 1559 734 4146 8136 1714 810 5473 2766 1209 8258 9138 8297 1300 6885 9377 505 7864 5101 8595 1087 3266 1168 6639 4793 6401 2841 7384 4049 6891 1340 6919 9529 2074 2144 7664 4868 2954 4215 7634 4164 2472 6772 2460 4852 3656 2916 5357 2599 8017 
3951 4765 2361 6199 1403 7155 3678 4244 5617 7728 2213 6957 5725 1741 110 7869 483 4978 1902 4698 2611 6066 8250 461 9605 4180 5197 2520 9537 7796 1615 4566 2560 3977 1843 5043 2210 5522 9287 7827 4328 2579 5862 52 4320 7051 9001 5883 2028 902 580 5719 8047 9909 6180 8730 4088 1376 2329 3624 250 3944 9270 3890 9000 2191 8933 1209 7713 9298 114 3119 2955 7056 4251 7276 4106 3251 3158 7214 
5232 4817 4011 4357 4726 1269 3086 8814 3725 5415 3517 3975 9360 3865 7865 8359 6056 7876 647 3769 8253 1840 7967 1207 8896 2217 9562 4081 6547 3798 2373 1778 8616 6384 6135 4420 7653 300 4312 1377 5715 7829 5353 6153 1693 4296 5591 7750 3251 6238 2597 2582 9157 563 4868 9132 3860 4430 3212 406 9307 6664 2185 9001 3047 9399 3420 1778 9699 7733 3156 6493 6640 9588 2645 8334 4962 8236 7162 9292 
5552 837 1873 4709 2479 6742 4919 6339 2250 9210 7825 1556 5873 9 557 8920 486 5056 697 1264 2788 4932 7757 507 4519 401 8841 560 9717 7081 9852 5268 8997 2804 1055 1475 624 5974 8894 2874 5183 6718 5509 1055 7806 6066 1053 8292 1122 2830 634 4989 7762 8391 5496 3360 9872 5415 3920 9588 3574 4850 5934 2570 7654 6990 4046 8278 2963 4018 2230 9226 735 7740 1359 8541 4884 2413 7911 6006 
6322 8546 2074 4083 8015 7570 8522 7886 4064 3520 8552 7638 8371 4486 208 7103 2554 5333 6460 6596 9351 9769 5821 1164 7508 7181 9705 2392 672 8694 9477 6994 7239 1550 2155 6333 199 677 4218 4263 5276 3849 2979 4725 9414 4266 1828 1967 9599 9367 8563 27 9135 5463 1191 6643 2643 1974 113 4394 668 9590 1387 8986 2219 4621 5318 2418 6377 615 7760 1653 4464 738 6378 3877 6084 8206 6923 6761 
8651 5485 6789 7786 947 9059 5507 4669 1033 6699 141 2780 6288 2607 1765 9586 7229 7084 2003 3605 7699 841 5258 3241 2659 1636 8197 8743 920 5119 5503 650 1682 2291 8436 3709 2429 5021 9457 4541 1719 9599 7321 9086 2205 9086 9751 512 7248 1753 4118 4946 3674 454 9266 6333 3169 7462 5075 4090 3659 577 5819 5342 3948 5333 129 6377 353 9586 917 3151 9184 8238 3315 2468 8402 3065 2980 5650 
5898 8177 1674 9572 9711 940 5904 2879 9481 978 8048 4219 2634 3866 9561 6582 9199 9690 2958 9552 353 4954 3781 616 4270 8176 3084 2672 1240 7143 9401 8217 6399 1074 7788 6109 3093 4770 8988 2574 6827 8115 6793 9462 1980 7432 6043 1179 8200 80 1809 8553 6113 6670 9169 383 4845 3331 4134 7164 1553 3534 6460 9031 4608 5326 6218 7702 96 5205 1354 6923 4398 8147 7463 6379 6657 4585 7558 4856 
4665 445 4487 1856 7115 4735 2239 3038 9145 7452 202 1776 985 6662 806 6673 1987 7024 4374 3162 3308 5728 1164 7706 4953 8627 4084 2688 4290 2720 8623 8955 4245 3109 811 1359 8923 4129 5477 8068 1581 6758 9844 3645 3419 650 317 6485 8753 4691 726 2060 1497 1890 845 7529 1595 4929 216 5886 8729 8839 5919 2973 3027 7809 5411 1949 3017 887 16 5677 7645 9861 9322 2142 1589 9640 9707 341 
4330 432 3481 6907 3401 4326 4435 6075 333 5731 3039 9062 5648 37 3113 8675 8925 9604 624 1941 490 1719 7618 9215 2658 6940 2435 4247 7658 3220 5668 1987 4731 9149 9973 9211 4553 5487 5286 4886 2296 9404 5027 7944 9441 8140 7698 8366 7743 8322 1385 9313 1119 9004 9606 3778 7022 3119 9104 4679 6340 5850 7745 1070 4998 8797 281 629 4283 6646 5516 6579 6049 542 5601 5490 9761 3298 4934 8583 
2698 6319 7895 3818 6401 8579 8675 3422 1697 7778 9180 8037 3628 8004 186 9705 6800 467 334 1082 7113 6929 8740 3161 7471 5419 9730 8310 8718 4663 6892 1415 982 5865 6312 7383 4443 4986 1884 6141 2764 1063 5256 7471 9067 5442 7175 5866 5909 8588 8027 4100 5516 7845 8341 4065 3264 8070 2375 3060 2733 9267 4475 4794 6211 787 3255 653 6852 5139 7873 9616 7282 4208 7086 7427 9650 5340 4372 6638 
3927 3477 1816 9444 1322 156 3508 5665 8227 6962 8725 2038 7308 4278 6832 3518 6144 1165 5250 2996 6305 3123 3690 4665 7331 1855 2091 8059 7195 6463 5775 1121 1019 7592 1643 2341 7748 6231 8006 5974 3192 7809 9091 499 2086 5922 4017 8231 8167 9268 1226 5550 3469 4916 214 1878 6771 3384 1015 5044 926 6791 7245 1945 4382 8888 4286 2129 6197 3370 9183 9390 2257 8273 967 4343 5274 6064 3652 4519 
6410 4878 68 957 873 282 2835 8723 3666 4929 3767 5671 1719 1011 7616 7180 977 2980 388 8254 7429 649 7643 9686 8922 9689 4029 5274 5752 7681 9793 3240 3638 9861 4197 5590 1221 7032 4312 5967 3040 8079 1637 4759 168 332 1939 2225 3312 3406 478 741 4055 9200 426 4055 9967 5534 9330 6798 4294 200 37 9011 1140 4235 4600 3440 2345 8912 9407 5385 8070 2123 1223 9317 2455 3162 2620 6846 
7647 4177 7587 1701 4455 9093 5756 4422 4626 6164 1219 9999 7444 1256 9009 9663 5491 3608 3102 8916 3599 3588 4300 1668 6790 5523 2063 9245 9764 4684 7169 7410 8861 4756 189 3316 3848 5946 8817 9553 3188 35 9552 1710 1291 9639 1372 7862 4326 4475 6777 7925 9142 2155 671 5931 7679 2734 6254 8521 8497 3422 7010 8437 9257 7199 2831 3104 4223 1647 3736 7412 2761 4366 9122 5131 5083 1573 2992 9409 
7127 847 8412 6268 4082 9083 3277 2839 2896 609 1359 2471 4031 8369 907 4367 6647 4817 7471 869 6464 2285 9360 9225 6651 9561 4356 2813 2212 8427 2221 9339 353 633 5606 4435 794 9962 7274 3690 570 9712 6162 5680 9160 8148 46 5806 2965 8597 7754 507 881 8193 9733 8612 8832 5167 1424 1043 4672 4724 381 5025 5357 7066 538 6152 7027 7812 920 7597 8603 8161 3276 7762 6309 4402 4646 352 
2998 2399 859 4958 591 1670 3569 9423 6837 6072 1544 1509 796 1925 7613 7232 8991 8152 3383 6017 7042 5383 4692 5644 3543 9048 3405 930 3449 8051 1282 6447 1529 3221 1404 3199 4891 6053 3701 2807 3203 5245 5395 3999 7171 3007 1231 7240 2237 5693 3257 9280 1075 9028 4923 4619 8075 9408 6628 2602 8537 7911 127 65 1131 2611 4344 7101 9743 8045 9908 2945 4368 5302 6945 1538 9389 9255 9858 1625 
4947 3114 1983 7102 3220 7986 2799 2374 7393 9427 4976 7008 7337 6183 8153 9547 8794 2496 6648 9615 1619 7634 2559 5987 2936 9504 8605 3403 9837 8462 6107 4784 2654 8091 2964 6953 6076 5763 9327 4547 5189 5382 1554 2526 1564 9707 3151 1436 3281 9799 1050 4900 7433 4688 1966 1447 5271 570 5929 5107 110 2035 969 3843 125 3933 795 7280 9696 122 1826 4885 6583 3381 8490 9226 4166 1640 1740 7448 
1439 2790 3426 9951 8557 5392 2476 3827 7041 8405 8935 7151 439 9904 993 1644 3837 1789 8924 3532 2990 1829 9496 9573 6289 7985 8798 454 9626 537 8981 2143 4406 2407 2093 2962 8878 5648 7869 5919 4052 6803 3069 5570 6706 5142 7214 1621 8010 7217 6233 999 9046 5728 1650 5334 3713 1526 6867 4417 3142 6927 6560 8627 9334 9732 1588 8211 5379 535 5208 9431 7338 9357 6079 5123 4498 3293 7823 3586 
1588 4055 5664 633 862 7314 7046 4575 9919 4991 8992 3060 1917 6630 1686 1250 6361 4353 540 1739 4889 6827 2248 3305 6183 8327 8428 1759 2698 6251 5345 5365 1384 2087 7077 2246 479 4122 7900 397 9114 7970 4536 2109 4599 7301 4439 2038 1654 6058 3777 7622 2884 7104 926 9068 6510 433 1905 286 7763 8330 5652 225 416 2728 2472 896 7930 1450 2372 8122 499 6909 230 5098 4209 4669 8216 6942 
